000000000000000000000000000000000000000000000000000000000000000000000000000000000000000000000000000000000000000000000000000000000000000000000000000000000000000000000000000000000000000222222222222222220
000000000000000000000000000000000000000000000000000000000000000000000000000000000000000000000000000000000000000000000000000000000000000000000000000000000000000000000000000000000000222222222222222222222
000000000000000000000000000000000000000000000000000000000000000000000000000000000000000000000000000000000000000000000000000000000000000000000000000000000000000000000000000000000002222222222222222222222
000000000000000000000000000000000000000000000000000000000000000000000000000000000000000000000000000000000000000000000000000000000000000000000000000000000000000000000000000000000022222222222222222222220
000000000000000000000000000000000000000000000000000000000000000000000000000000000000000000000000000000000000000000000000000000000000000000000000000000000000000000000000000000000222222222222222222222220
000000000000000000000000000000000000000000000000000000000000000000000000000000000000000000000000000000000000000000000000000000000000000000000000000000000000000000000000000000004444444444444444444444400
000000000000000000000000000000000000000000000000000000000000000000000000000000000000000000000000000000000000000000000000000000000000000000000000000000000000000000000000000000044444444444444444444444400
000000000000000000000000000000000000000000000000000000000000000000000000000000000000000000000000000000000000000000000000000000000000000000000000000000000000000000000000000000444444444444444444444444000
000000000000000000000000000000000000000000000000000000000000000000000000000000000000000000000000000000000000000000000000000000000000000000000000000000000000000000000000000004444444444444444444444444000
000000000000000000000000000000000000000000000000000000000000000000000000000000000000000000000000000000000000000000000000000000000000000000000000000000000000000000000000000044444444444444444444444440000
000000000000000000000000000000000000000000000000000000000000000000000000000000000000000000000000000000000000000000000000000000000000000000000000000000000000000000000000000222222222222222222222222220000
000000000000000000000000000000000000000000000000000000000000000000000000000000000000000000000000000000000000000000000000000000000000000000000000000000000000000000000000002222222222222222222222222200000
000000000000000000000000000000000000000000000000000000000000000000000000000000000000000000000000000000000000000000000000000000000000000000000000000000000000000000000000022222222222222222222222222200000
000000000000000000000000000000000000000000000000000000000000000000000000000000000000000000000000000000000000000000000000000000000000000000000000000000000000000000000000222222222222222222222222222000000
000000000000000000000000000000000000000000000000000000000000000000000000000000000000000000000000000000000000000000000000000000000000000000000000000000000000000000000002222222222222222222222222222000000
000000000000000000000000000000000000000000000000000000000000000000000000000000000000000000000000000000000000000000000000000000000000000000000000000000000000000000000022222222222222222222222222220000000
000000000000000000000000000000000000000000000000000000000000000000000000000000000000000000000000000000000000000000000000000000000000000000000000000000000000000000000222222222222222222222222222220000000
000000000000000000000000000000000000000000000000000000000000000000000000000000000000000000000000000000000000000000000000000000000000000000000000000000000000000000002222222222222222222222222222200000000
000000000000000000000000000000000000000000000000000000000000000000000000000000000000000000000000000000000000000000000000000000000000000000000000000000000000000000022222222222222222222222222222200000000
000000000000000000000000000000000000000000000000000000000000000000000000000000000000000000000000000000000000000000000000000000000000000000000000000000000000000000222222222222222222222222222222000000000
000000000000000000000000000000000000000000000000000000000000000000000000000000000000000000000000000000000000000000000000000000000000000000000000000000000000000002222222222222222222222222222222000000000
000000000000000000000000000000000000000000000000000000000000000000000000000000000000000000000000000000000000000000000012222222222222222222222222222222222222222222222222222222222222222222222220000000000
000000000000000000000000000000000000000000000000000000000000000000000000000000000000000000000000000000000000000000000112222222222222222222222222222222222222222222222222222222222222222222222220000000000
000000000000000000000000000000000000000000000000000000000000000000000000000000000000000000000000000000000000000000000112222222222222222222222222222222222222222222222222222222222222222222222200000000000
000000000000000000000000000000000000000000000000000000000000000000000000000000000000000000000000000000000000000000000112222222222222222222222222222222222222222222222222222222222222222222222220000000000
000000000000000000000000000000000000000000000000000000000000000000000000000000000000000000000000000000000000000000000112222222222222222222222222222222222222222222222222222222222222222222222222220000000
000000000000000000000000000000000000000000000000000000000000000000000000000000000000000000000000000000000000000000000112222222222222222222222222222222222222222222222222222222222222222222222222222200000
000000000000000000000000000000000000000000000000000000000000000000000000000000000000000000000000000000000000000000000112222222222222222222222222222222222222222222222222222222222222222222222222222222000
000000000000000000000000000000000000000000000000000000000000000000000000000000000000000000000000000000000000000000000112222222222222222222222222222222222222222222222222222222222222222222222222222222200
000000000000000000000000000000000000000000000000000000000000000000000000000000000000000000000000000000000000000000000112222222222222222222222222222222222222222222222222222222222222222222222222222222200
000000000000000000000000000000000000000000000000000000000000000000000000000000000000000000000000000000000000000000000112222222222222222222222222222222222222222222222222222222222222222222222222222220000
000000000000000000000000000000000000000000000000000000000000000000000000000000000000000000000000000000000000000000000112222222222222222222222222222222222222222222222222222222222222222222000000000000000
000000000000000000000000000000000000000000000000000000000000000000000000000000000000000000000000000000000000000000000112222222222222222222222222222222222222222222222222222222222222222222000000000000000
000000000000000000000000000000000000000000000000000000000000000000000000000000000000000000000000000000000000000000000112222222222222222222222222222222222222222222222222222222222222222220000000000000000
000000000000000000000000000000000000000000000000000000000000000000000000000000000000000000000000000000000000000000000112222222222222222222222222222222222222222222222222222222222222222220000000000000000
000000000000000000000000000000000000000000000000000000000000000000000000000000000000000000000000000000000000000000000012222222222222222221122222222222222222222222222222222222222222222222220000000000000
000000000000000000000000000000000000000022222222222222222222222222222222222222222222222222222222222222222222222222222222222222222222222211122222222222222222222222222222222222222222222222222221100000000
000000000000000000000000000000000000222222222222222222222222222222222222222222222222222222222222222222222222222222222222222222222222222211122222222222222222222222222222222222222222222222222221100000000
000000000000000000000000000000000022222222222222222222222222222222222222222222222222222222222222222222222222222222222222222222222222222211122222222222222222222222222222222222222222222222222221100000000
000000000000000000000000000000000111111111111222222211111111111111111111111111111111111111111111111111111111111111111111111111111122222211122222222222222222222222222222222222222222222222222221100000000
000000000000000000000000000000001111111111111122222111111111111111111111111111111111111111111111111111111111111111111111111111111112222211144444444444444444444444444444444444444444444444444441100000000
000000000000000000000000000000011111111111111122222111111111111111111111111111111111111111111111111111111111111111111111111111111112222211144444444444444444444444444444444444444444444444444441100000000
000000000000000000000000000000111111111111111122222111111111111111111111111111111111111111111111111111111111111111111111111111111112222211144444444444444444444444444444444444444444444444444441100000000
000000000000000000000000000001111111111111111122222111111111111111111111111111111111111111111111111111111111111111111111111111111112222211144444444444444444444444444444444444444444444444444441100000000
000000000000000000000000000011111111111111111122222111111111111111111111111111111111111111111111111111111111111111111111111111111112222211144444444444444444444444444444444444444444444444444441100000000
000000000000000000000000000111111111111111111122222111111111111111111111111111111111111111111111111111111111111111111111111111111112222211122222222222222222222222222222222222222222222222222221100000000
000000000000000000000000001111111111111111111122222111111111111111111111111111111111111111111111111111111111111111111111111111111112222211122222222222222222222222222222222222222222222222222221100000000
000000000000000000000000211111111111111111111122222111111111111111111111111111111111111111111111111111111111111111111111111111111112222211122222222222222222222222222222222222222222222222222221100000000
000000000000000000000022211111111111111111111122222111111111111111111111111111111111111111111111111111111111111111111111111111111112222211122222222222222222222222222222222222222222222222222221100000000
000000000000000000002222211111111111111111111122222111111111111111111111111111111111111111111111111111111111111111111111111111111112222211122222222222222222222222222222222222222222222222222220000000000
000000000000000002222222211111111111111111111122222111111111111111111111111111111111111111111111111111111111111111111111111111111112222221122222222222222222222222222222222222222222222222220000000000000
000000000000000222222222211111111111111111111122222111111111144444111111144444111111144444111111111111111111111111111111111111111112222222222222222222222222222222222222222222222222222222000000000000000
000000000000222222222222211111111111111111111122222111111111444444411111444444411111444444411111111111111111111111111111111111111112222222222222222222222222222222222222222222222222222200000000000000000
000000000222222222222222211111111111111111111122222111111111444444411111444444411111444444411111111111111111111111111111111111111112222222222222222222222222222222222222222222222222220000000000000000000
000000022222222222222222211111111111111111111122222111111111444444411111444444411111444444411111111111111111111111111111111111111112222222222222222222222222222222222222222222222222000000000000000000000
000002222222222222222222211111111111111111111122222111111111444444411111444444411111444444411111111111111111111111111111111111111112222222222222222222222222222222222222222222222200000000000000000000000
000222222222222222222222211111111111111111111122222111111444441444411444441444411444441444411111111111111111111111111111111111111112222222222222222222222222222222222222222222220000000000000000000000000
002222222222222222222222211111111111111111111122222111111111441111111111441111111111441111111111111111111111111111111111111111111112222222222222222222222222222222222222222222000000000000000000000000000
022222222222222222222222211111111111111111111122222111114444444444414444444444414444444444411111111111111111111111111111111111111112222222222222222222222222222222222222222200000000000000000000000000000
044444444444444444444444411111111111111111111144444111111444444444111444444444111444444444111111111111111111111111111111111111111114444444444444444444444444444444444444440000000000000000000000000000000
444444444444444444444444441111111111111111111444444411111111111111111111111111111111111111111111111111111111111111111111111111111144444444444444444444444444444444444444000000000000000000000000000000000
444444444444444444444444444444444444444444444444444444444444444444444444444444444444444444444444444444444444444444444444444444444444444444444444444444444444444444444400000000000000000000000000000000000
444444444444444444444444444444444444444444444444444444444444444444444444444444444444444444444444444444444444444444444444444444444444444444444444444444444444444444440000000000000000000000000000000000000
044444444444444444444444444444444444444444444444444444444444444444444444444444444444444444444444444444444444444444444444444444444444444444444444444444444444444444000000000000000000000000000000000000000
033333333333333333333333333333333333333333333333333333333333333333333333333333333332222222222222222222222222222222222223333333333333333333333333333333333333333300000000000000000000000000000000000000000
003333333333333333333333333333333333333333333333333333333333333333333333333333333222222222222222222222222222222222222222233333333333333333333333333333333333330000000000000000000000000000000000000000000
000333333333333333333333333333333333333333333333333333333333333333333333333333332222222222222222222222222222222222222222223333333333333333333333333333333333000000000000000000000000000000000000000000000
000003333333333333333333333333333333333333333333333333333333333333333333333333332222222222222222222222222222222222222222222333333333333333333333333333333300000000000000000000000000000000000000000000000
000000033333333333333333333333333333333333333333333333333333333333333333333333333222222222222222222222222222222222222222222223333333333333333333333333330000000000000000000000000000000000000000000000000
000000000333333333333333333333333333333333333333333333333333333333333333333333333332222222222222222222222222222222222222222222333333333333333333333333000000000000000000000000000000000000000000000000000
000000000000033333333333333333333333333333333333333333333333333333333333333333333333333333222222222222222222222222222222222222222333333333333333333000000000000000000000000000000000000000000000000000000
000000000000000000033333333333333333333333333333333333333333333333333333333333333333333333333322222222222222222222222222222222222223333333333330000000000000000000000000000000000000000000000000000000000
000000000000000000000000000000000000000000000000000000000000000000000000000000333333333333333333322222222222222222222222222222222222333333300000000000000000000000000000000000000000000000000000000000000
000000000000000000000000000000000000000000000000000000000000000000000000000000000000000000000000000000222222222222222222222222222222220000000000000000000000000000000000000000000000000000000000000000000
000000000000000000000000000000000000000000000000000000000000000000000000000000000000000000000000000000022222222222222222222222222222222000000000000000000000000000000000000000000000000000000000000000000
000000000000000000000000000000000000000000000000000000000000000000000000000000000000000000000000000000000022222222222222222222222222222000000000000000000000000000000000000000000000000000000000000000000
000000000000000000000000000000000000000000000000000000000000000000000000000000000000000000000000000000000000222222222222222222222222220000000000000000000000000000000000000000000000000000000000000000000
000000000000000000000000000000000000000000000000000000000000000000000000000000000000000000000000000000000000000222222222222222222222000000000000000000000000000000000000000000000000000000000000000000000