000000000000000000000000000000000000000000000000000000000000000000000000000000000000000000000000000000000000000000000000000000000000000000000000000000000000000000000000000000000000000222222222222222220
000000000000000000000000000000000000000000000000000000000000000000000000000000000000000000000000000000000000000000000000000000000000000000000000000000000000000000000000000000000000222222222222222222222
000000000000000000000000000000000000000000000000000000000000000000000000000000000000000000000000000000000000000000000000000000000000000000000000000000000000000000000000000000000002222222222222222222222
000000000000000000000000000000000000000000000000000000000000000000000000000000000000000000000000000000000000000000000000000000000000000000000000000000000000000000000000000000000022222222222222222222220
000000000000000000000000000000000000000000000000000000000000000000000000000000000000000000000000000000000000000000000000000000000000000000000000000000000000000000000000000000000222222222222222222222220
000000000000000000000000000000000000000000000000000000000000000000000000000000000000000000000000000000000000000000000000000000000000000000000000000000000000000000000000000000002222222222222222222222200
000000000000000000000000000000000000000000000000000000000000000000000000000000000000000000000000000000000000000000000000000000000000000000000000000000000000000000000000000000022222222222222222222222200
000000000000000000000000000000000000000000000000000000000000000000000000000000000000000000000000000000000000000000000000000000000000000000000000000000000000000000000000000000222222222222222222222222000
000000000000000000000000000000000000000000000000000000000000000000000000000000000000000000000000000000000000000000000000000000000000000000000000000000000000000000000000000002222222222222222222222222000
000000000000000000000000000000000000000000000000000000000000000000000000000000000000000000000000000000000000000000000000000000000000000000000000000000000000000000000000000022222222222222222222222220000
000000000000000000000000000000000000000000000000000000000000000000000000000000000000000000000000000000000000000000000000000000000000000000000000000000000000000000000000000222223444444444444442222220000
000000000000000000000000000000000000000000000000000000000000000000000000000000000000000000000000000000000000000000000000000000000000000000000000000000000000000000000000002222223344444444444422222200000
000000000000000000000000000000000000000000000000000000000000000000000000000000000000000000000000000000000000000000000000000000000000000000000000000000000000000000000000022222223334444444444222222200000
000000000000000000000000000000000000000000000000000000000000000000000000000000000000000000000000000000000000000000000000000000000000000000000000000000000000000000000000222222223332222222222222222000000
000000000000000000000000000000000000000000000000000000000000000000000000000000000000000000000000000000000000000000000000000000000000000000000000000000000000000000000002222222223332222222222222222000000
000000000000000000000000000000000000000000000000000000000000000000000000000000000000000000000000000000000000000000000000000000000000000000000000000000000000000000000022222222223332222222222222220000000
000000000000000000000000000000000000000000000000000000000000000000000000000000000000000000000000000000000000000000000000000000000000000000000000000000000000000000000222222222223332222222222222220000000
000000000000000000000000000000000000000000000000000000000000000000000000000000000000000000000000000000000000000000000000000000000000000000000000000000000000000000002222222222223332222222222222200000000
000000000000000000000000000000000000000000000000000000000000000000000000000000000000000000000000000000000000000000000000000000000000000000000000000000000000000000022222222222223332222222222222200000000
000000000000000000000000000000000000000000000000000000000000000000000000000000000000000000000000000000000000000000000000000000000000000000000000000000000000000000222222222222223332222222222222000000000
000000000000000000000000000000000000000000000000000000000000000000000000000000000000000000000000000000000000000000000000000000000000000000000000000000000000000002222222222222223332222222222222000000000
000000000000000000000000000000000000000000000000000000000000000000000000000000000000000000000000000000000000000000000012222222222222222222222222222222222222222222222222222222223332222222222220000000000
000000000000000000000000000000000000000000000000000000000000000000000000000000000000000000000000000000000000000000000112222222222222222222222222222222222222222222222222222222223322222222222220000000000
000000000000000000000000000000000000000000000000000000000000000000000000000000000000000000000000000000000000000000000112222222222222222222222222222222222222222222222222222222223222222222222200000000000
000000000000000000000000000000000000000000000000000000000000000000000000000000000000000000000000000000000000000000000112222222222222222222222222222222222222222222222222222222222222222222222220000000000
000000000000000000000000000000000000000000000000000000000000000000000000000000000000000000000000000000000000000000000112222222222222222222222222222222222222222222222222222222222222222222222222220000000
000000000000000000000000000000000000000000000000000000000000000000000000000000000000000000000000000000000000000000000112222222222222222222222222222222222222222222222222222222222222222222222222222200000
000000000000000000000000000000000000000000000000000000000000000000000000000000000000000000000000000000000000000000000112222222222222222222222222222222222222222222222222222222222222222222222222222222000
000000000000000000000000000000000000000000000000000000000000000000000000000000000000000000000000000000000000000000000112222222222222222222222222222222222222222222222222222222222222222222222222222222200
000000000000000000000000000000000000000000000000000000000000000000000000000000000000000000000000000000000000000000000112222222222222222222222222222222222222222222222222222222222222222222222222222222200
000000000000000000000000000000000000000000000000000000000000000000000000000000000000000000000000000000000000000000000112222222222222222222222222222222222222222222222222222222222222222222222222222220000
000000000000000000000000000000000000000000000000000000000000000000000000000000000000000000000000000000000000000000000112222222222222222222222222222222222222222222222222222222222222222222000000000000000
000000000000000000000000000000000000000000000000000000000000000000000000000000000000000000000000000000000000000000000112222222222222222222222222222222222222222222222222222222222222222222000000000000000
000000000000000000000000000000000000000000000000000000000000000000000000000000000000000000000000000000000000000000000112222222222222222222222222222222222222222222222222222222222222222220000000000000000
000000000000000000000000000000000000000000000000000000000000000000000000000000000000000000000000000000000000000000000112222222222222222222222222222222222222222222222222222222222222222220000000000000000
000000000000000000000000000000000000000000000000000000000000000000000000000000000000000000000000000000000000000000000012222222222222222221122222222222222222222222222222222222222222222222220000000000000
000000000000000000000000000000000000000022222222222222222222222222222222222222222222222222222222222222222222222222222222222222222222222211122222222222222222222222222222222222222222222222222221100000000
000000000000000000000000000000000000222222222222222222222222222222222222222222222222222222222222222222222222222222222222222222222222222211122222222222222222222222222222222222222222222222222221100000000
000000000000000000000000000000000022222222222222222222222222222222222222222222222222222222222222222222222222222222222222222222222222222211122222222222222222222222222222222222222222222222222221100000000
000000000000000000000000000000000111111111111222222211111111111111111111111111111111111111111111111111111111111111111111111111111122222211122222222222222222222222222222222222222222222222222221100000000
000000000000000000000000000000001111111111111122222111111111111111111111111111111111111111111111111111111111111111111111111111111112222211122222222222222222222222222222222222222222222222222221100000000
000000000000000000000000000000011111111111111122222111111111111111111111111111111111111111111111111111111111111111111111111111111112222211122222222222222222222222222222222222222222222222222221100000000
000000000000000000000000000000111111111111111122222111111111111111111111111111111111111111111111111111111111111111111111111111111112222211122222222222222222222222222222222222222222222222222221100000000
000000000000000000000000000001111111111111111122222111111111111111111111111111111111111111111111111111111111111111111111111111111112222211122222222222222222222222222222222222222222222222222221100000000
000000000000000000000000000011111111111111111122222111111111111111111111111111111111111111111111111111111111111111111111111111111112222211122222222222222222222222222222222222222222222222222221100000000
000000000000000000000000000111111111111111111122222111111111111111111111111111111111111111111111111111111111111111111111111111111112222211122222222222222222222222222222222222222222222222222221100000000
000000000000000000000000001111111111111111111122222111111111111111111111111111111111111111111111111111111111111111111111111111111112222211122222222222222222222222222222222222222222222222222221100000000
000000000000000000000000211111111111111111111122222111111111111111111111111111111111111111111111111111111111111111111111111111111112222211122222222222222222222222222222222222222222222222222221100000000
000000000000000000000022211111111111111111111122222111111111111111111111111111111111111111111111111111111111111111111111111111111112222211122222222222222222222222222222222222222222222222222221100000000
000000000000000000002222211111111111111111111122222111111111111111111111111111111111111111111111111111111111111111111111111111111112222211122222222222222222222222222222222222222222222222222220000000000
000000000000000002222222211111111111111111111122222111111111111111111111111111111111111111111111111111111111111111111111111111111112222221122222222222222222222222222222222222222222222222220000000000000
000000000000000222222222211111111111111111111122222111111111111111111111111111111111111111111111111111111111111111111111111111111112222222222222222222222222222222222222222222222222222222000000000000000
000000000000222222222222211111111111111111111122222111111111111111111111111111111111111111111111111111111111111111111111111111111112222222222222222222222222222222222222222222222222222200000000000000000
000000000222222222222222211111111111111111111122222111111111111111111111111111111111111111111111111111111111111111111111111111111112222222222222222222222222222222222222222222222222220000000000000000000
000000022222222222222222211111111111111111111122222111111111111111111111111111111111111111111111111111111111111111111111111111111112222222222222222222222222222222222222222222222222000000000000000000000
000002222222222222222222211111111111111111111122222111111111111111111111111111111111111111111111111111111111111111111111111111111112222222222222222222222222222222222222222222222200000000000000000000000
000222222222222222222222211111111111111111111122222111111111111111111111111111111111111111111111111111111111111111111111111111111112222222222222222222222222222222222222222222220000000000000000000000000
002222222222222222222222211111111111111111111122222111111111111111111111111111111111111111111111111111111111111111111111111111111112222222222222222222222222222222222222222222000000000000000000000000000
022222222222223444444442211111111111111111111122222111111111111111111111111111111111111111111111111111111111111111111111111111111112222222222222222222222222222222222222222200000000000000000000000000000
022222222222223344444422211111111111111111111122222111111111111111111111111111111111111111111111111111111111111111111111111111111112222222222222222222222222222222222222220000000000000000000000000000000
222222222222223322222222221111111111111111111222222211111111111111111111111111111111111111111111111111111111111111111111111111111122222222222222222222222222222222222222000000000000000000000000000000000
222222222222223322222222222222222222222222222222222222222222222222222222222222222222222222222222222222222222222222222222222222222222222222222222222222222222222222222200000000000000000000000000000000000
222222222222223322222222222222222222222222222222222222222222222222222222222222222222222222222222222222222222222222222222222222222222222222222222222222222222222222220000000000000000000000000000000000000
022222222222223322222222222222222222222222222222222222222222222222222222222222222222222222222222222222222222222222222222222222222222222222222222222222222222222222000000000000000000000000000000000000000
022222222222223322222222222222222222222222222222222222222222222222222222222222222222222222222222222222222222222222222222222222222222222222222222222222222222222200000000000000000000000000000000000000000
002222222222223322222222222222222222222222222222222222222222222222222222222222222222222222222222222222222222222222222222222222222222222222222222222222222222220000000000000000000000000000000000000000000
000222222222223222222222222222222222222222222222222222222222222222222222222222222222222222222222222222222222222222222222222222222222222222222222222222222222000000000000000000000000000000000000000000000
000002222222222222222222222222222222222222222222222222222222222222222222222222222222222222222222222222222222222222222222222222222222222222222222222222222200000000000000000000000000000000000000000000000
000000022222222222222222222222222222222222222222222222222222222222222222222222222222222222222222222222222222222222222222222222222222222222222222222222220000000000000000000000000000000000000000000000000
000000000222222222222222222222222222222222222222222222222222222222222222222222222222222222222222222222222222222222222222222222222222222222222222222222000000000000000000000000000000000000000000000000000
000000000000022222222222222222222222222222222222222222222222222222222222222222222222222222222222222222222222222222222222222222222222222222222222222000000000000000000000000000000000000000000000000000000
000000000000000000022222222222222222222222222222222222222222222222222222222222222222222222222222222222222222222222222222222222222222222222222220000000000000000000000000000000000000000000000000000000000
000000000000000000000000000000000000000000000000000000000000000000000000000000222222222222222222222222222222222222222222222222222222222222200000000000000000000000000000000000000000000000000000000000000
000000000000000000000000000000000000000000000000000000000000000000000000000000000000000000000000000000222222222222222222222222222222220000000000000000000000000000000000000000000000000000000000000000000
000000000000000000000000000000000000000000000000000000000000000000000000000000000000000000000000000000022222222222222222222222222222222000000000000000000000000000000000000000000000000000000000000000000
000000000000000000000000000000000000000000000000000000000000000000000000000000000000000000000000000000000022222222222222222222222222222000000000000000000000000000000000000000000000000000000000000000000
000000000000000000000000000000000000000000000000000000000000000000000000000000000000000000000000000000000000222222222222222222222222220000000000000000000000000000000000000000000000000000000000000000000
000000000000000000000000000000000000000000000000000000000000000000000000000000000000000000000000000000000000000222222222222222222222000000000000000000000000000000000000000000000000000000000000000000000