000000000000000000000000000000000000000000000000000000000000000000000000000000000000000000000000000000000000000000000000000000000000000000000000000000000000000000000000000000000000000222222222222222220
000000000000000000000000000000000000000000000000000000000000000000000000000000000000000000000000000000000000000000000000000000000000000000000000000000000000000000000000000000000000222222222222222222222
000000000000000000000000000000000000000000000000000000000000000000000000000000000000000000000000000000000000000000000000000000000000000000000000000000000000000000000000000000000002222222222222222222222
000000000000000000000000000000000000000000000000000000000000000000000000000000000000000000000000000000000000000000000000000000000000000000000000000000000000000000000000000000000022222222222222222222220
000000000000000000000000000000000000000000000000000000000000000000000000000000000000000000000000000000000000000000000000000000000000000000000000000000000000000000000000000000000222222222222222222222220
000000000000000000000000000000000000000000000000000000000000000000000000000000000000000000000000000000000000000000000000000000000000000000000000000000000000000000000000000000002222222222222222222222200
000000000000000000000000000000000000000000000000000000000000000000000000000000000000000000000000000000000000000000000000000000000000000000000000000000000000000000000000000000022222222222222222222222200
000000000000000000000000000000000000000000000000000000000000000000000000000000000000000000000000000000000000000000000000000000000000000000000000000000000000000000000000000000222222222222222222222222000
000000000000000000000000000000000000000000000000000000000000000000000000000000000000000000000000000000000000000000000000000000000000000000000000000000000000000000000000000002222222222222222222222222000
000000000000000000000000000000000000000000000000000000000000000000000000000000000000000000000000000000000000000000000000000000000000000000000000000000000000000000000000000022222222222222222222222220000
000000000000000000000000000000000000000000000000000000000000000000000000000000000000000000000000000000000000000000000000000000000000000000000000000000000000000000000000000222222222222222222222222220000
000000000000000000000000000000000000000000000000000000000000000000000000000000000000000000000000000000000000000000000000000000000000000000000000000000000000000000000000002222222222222222222222222200000
000000000000000000000000000000000000000000000000000000000000000000000000000000000000000000000000000000000000000000000000000000000000000000000000000000000000000000000000022222222222222222222222222200000
000000000000000000000000000000000000000000000000000000000000000000000000000000000000000000000000000000000000000000000000000000000000000000000000000000000000000000000000222222222222222222222222222000000
000000000000000000000000000000000000000000000000000000000000000000000000000000000000000000000000000000000000000000000000000000000000000000000000000000000000000000000002222222222222222222222222222000000
000000000000000000000000000000000000000000000000000000000000000000000000000000000000000000000000000000000000000000000000000000000000000000000000000000000000000000000022222222222222222222222222220000000
000000000000000000000000000000000000000000000000000000000000000000000000000000000000000000000000000000000000000000000000000000000000000000000000000000000000000000000222222222222222222222222222220000000
000000000000000000000000000000000000000000000000000000000000000000000000000000000000000000000000000000000000000000000000000000000000000000000000000000000000000000002222222222222222222222222222200000000
000000000000000000000000000000000000000000000000000000000000000000000000000000000000000000000000000000000000000000000000000000000000000000000000000000000000000000022222222222222222222222222222200000000
000000000000000000000000000000000000000000000000000000000000000000000000000000000000000000000000000000000000000000000000000000000000000000000000000000000000000000222222222222222222222222222222000000000
000000000000000000000000000000000000000000000000000000000000000000000000000000000000000000000000000000000000000000000000000000000000000000000000000000000000000002222222222222222222222222222222000000000
000000000000000000000000000000000000000000000000000000000000000000000000000000000000000000000000000000000000000000000012222222222222222222222222222222222222222222222222222222222222222222222220000000000
000000000000000000000000000000000000000000000000000000000000000000000000000000000000000000000000000000000000000000000112222222222222222222222222222222222222222222222222222222222222222222222220000000000
000000000000000000000000000000000000000000000000000000000000000000000000000000000000000000000000000000000000000000000112222222222222222222222222222222222222222222222222222222222222222222222200000000000
000000000000000000000000000000000000000000000000000000000000000000000000000000000000000000000000000000000000000000000112222222222222222222222222222222222222222222222222222222222222222222222220000000000
000000000000000000000000000000000000000000000000000000000000000000000000000000000000000000000000000000000000000000000112222222222222222222222222222222222222222222422222222222222222222222222222220000000
000000000000000000000000000000000000000000000000000000000000000000000000000000000000000000000000000000000000000000000112222222222222222222222222222222222222222224444422222222222222222222222222222200000
000000000000000000000000000000000000000000000000000000000000000000000000000000000000000000000000000000000000000000000112222222222222222222222222222222222222222444444442222222222222222222222222222222000
000000000000000000000000000000000000000000000000000000000000000000000000000000000000000000000000000000000000000000000112222222222222222222222222222222222222244444444222222222222222222222222222222222200
000000000000000000000000000000000000000000000000000000000000000000000000000000000000000000000000000000000000000000000112222222222222222222222222222222222224444444422222222222222222222222222222222222200
000000000000000000000000000000000000000000000000000000000000000000000000000000000000000000000000000000000000000000000112222222222222222222222222222222222444444442222222222222222222222222222222222220000
000000000000000000000000000000000000000000000000000000000000000000000000000000000000000000000000000000000000000000000112222222222222222222222222222222444444444222222222222222222222222222000000000000000
000000000000000000000000000000000000000000000000000000000000000000000000000000000000000000000000000000000000000000000112222222222222222222222222224444444444222222222222222222222222222222000000000000000
000000000000000000000000000000000000000000000000000000000000000000000000000000000000000000000000000000000000000000000112222222222222222222444444444444444222222222222222222222222222222220000000000000000
000000000000000000000000000000000000000000000000000000000000000000000000000000000000000000000000000000000000000000000114444444444444444444444444444222222222222222222222222222222222222220000000000000000
000000000000000000000000000000000000000000000000000000000000000000000000000000000000000000000000000000000000000000000014444444444444444441122222222222222222222222222222222222222222222222220000000000000
000000000000000000000000000000000000000022222222222222222222222222222222222222222222222222222222222222222222222222222222222222222222222211122222222222222222222222222222222222222222222222222221100000000
000000000000000000000000000000000000222222222222222222222222222222222222222222222222222222222222222222222222222222222222222222222222222211122222222222222222222222222222222222222222222222222221100000000
000000000000000000000000000000000022222222222222222222222222222222222222222222222222222222222222222222222222222222222222222222222222222211122222222222222222222222222222222222222222222222222221100000000
000000000000000000000000000000000111111111111222222211111111111111111111111111111111111111111111111111111111111111111111111111111122222211122222222222222222222222222222222222222222222222222221100000000
000000000000000000000000000000001111111111111122222111111111111111111111111111111111111111111111111111111111111111111111111111111112222211122222222222222222222222222222222222222222222222222221100000000
000000000000000000000000000000011111111111111122222111111111111111111111111111111111111111111111111111111111111111111111111111111112222211122222222222222222222222222222444444444444444444444441100000000
000000000000000000000000000000111111111111111122222111111111111111111111111111111111111111111111111111111111111111111111111111111112222211122222222222222222222222444444444444444444444444444441100000000
000000000000000000000000000001111111111111111122222111111111111111111111111111111111111111111111111111111111111111111111111111111112222211122222222222222222224444444444333333333333333333333331100000000
000000000000000000000000000011111111111111111122222111111111111111111111111111111111111111111111111111111111111111111111111111111112222211122222222222222222444444333333333333333333333333333331100000000
000000000000000000000000000111111111111111111122222111111111111111111111111111111111111111111111111111111111111111111111111111111112222211122222222222222244443333333333333333333333333333333331100000000
000000000000000000000000001111111111111111111122222111111111111111111111111111111111111111111111111111111111111111111111111111111112222211122222222222224444333333333333333333333333333333333331100000000
000000000000000000000000211111111111111111111122222111111111111111111111111111111111111111111111111111111111111111111111111111111112222211122222222222244433333333333333333333333333333333333331100000000
000000000000000000000022211111111111111111111122222111111111111111111111111111111111111111111111111111111111111111111111111111111112222211122222222222443333333333333333333333333333333333333331100000000
000000000000000000002222211111111111111111111122222111111111111111111111111111111111111111111111111111111111111111111111111111111112222211122222222224433333333333333333333333333333333333333330000000000
000000000000000002222222211111111111111111111122222111111111111111111111111111111111111111111111111111111111111111111111111111111112222221122222222244333333333333333333333333333333333333330000000000000
000000000000000222222222211111111111111111111122222111111111144444111111144444111111144444111111144444111111144444111111144444111112222222222222222443333333333333333333333333333333333333000000000000000
000000000000222222222222211111111111111111111122222111111111444444411111444444411111444444411111444444411111444444411111444444411112222222222222224433333333333333333333333333333333333300000000000000000
000000000222222222222222211111111111111111111122222111111111444444411111444444411111444444411111444444411111444444411111444444411112222222222222224333333333333333333333333333333333330000000000000000000
000000022222222222222222211111111111111111111122222111111111444444411111444444411111444444411111444444411111444444411111444444411112222222222222243333333333333333333333333333333333000000000000000000000
000002222222222222222222211111111111111111111122222111111111444444411111444444411111444444411111444444411111444444411111444444411112222222222222443333333333333333333333333333333300000000000000000000000
000222222222222222222222211111111111111111111122222111111444441444411444441444411444441444411444441444411444441444411444441444411112222222222224433333333333333333333333333333330000000000000000000000000
002222222222222222222222211111111111111111111122222111111111441111111111441111111111441111111111441111111111441111111111441111111112222222222244333333333333333333333333333333000000000000000000000000000
022222222222222222222222211111111111111111111122222111114444444444414444444444414444444444414444444444414444444444414444444444411112222222222443333333333333333333333333333300000000000000000000000000000
022222222222222222222222211111111111111111111122222111111444444444111444444444111444444444111444444444111444444444111444444444111112222222224433333333333333333333333333330000000000000000000000000000000
222222222222222222222222221111111111111111111222222211111111111111111111111111111111111111111111111111111111111111111111111111111122222222244333333333333333333333333333000000000000000000000000000000000
222222222222222222222222222222222222222222222222222222222222222222222222222222222222222222222222222222222222222222222222222222222222222224443333333333333333333333333300000000000000000000000000000000000
222222244444444444422222222222222222222222222222222222222222222222222222222222222222222222222222222222222222222222222222222222222222222244433333333333333333333333330000000000000000000000000000000000000
022222444444444444444444222222222222222222222222222222222222222222222222222222222222222222222222222222222222222222222222222222222222222443333333333333333333333333000000000000000000000000000000000000000
022224433333333333344444444444222222222222222222222222222222222222222222222222222222222222222222222222222222222222222222222222222222444433333333333333333333333300000000000000000000000000000000000000000
002224333333333333333333444444444444444444444444444444444444444444444444444444444222222222222222222222222222222222222222244444444444444333333333333333333333330000000000000000000000000000000000000000000
000243333333333333333333333333444444444444444444444444444444444444444444444444442222222222222222222222222222222222222222224444444444333333333333333333333333000000000000000000000000000000000000000000000
000003333333333333333333333333333333333333333333333333333333333333333333333333332222222222222222222222222222222222222222222333333333333333333333333333333300000000000000000000000000000000000000000000000
000000033333333333333333333333333333333333333333333333333333333333333333333333333222222222222222222222222222222222222222222223333333333333333333333333330000000000000000000000000000000000000000000000000
000000000333333333333333333333333333333333333333333333333333333333333333333333333332222222222222222222222222222222222222222222333333333333333333333333000000000000000000000000000000000000000000000000000
000000000000033333333333333333333333333333333333333333333333333333333333333333333333333333222222222222222222222222222222222222222333333333333333333000000000000000000000000000000000000000000000000000000
000000000000000000033333333333333333333333333333333333333333333333333333333333333333333333333322222222222222222222222222222222222223333333333330000000000000000000000000000000000000000000000000000000000
000000000000000000000000000000000000000000000000000000000000000000000000000000333333333333333333322222222222222222222222222222222222333333300000000000000000000000000000000000000000000000000000000000000
000000000000000000000000000000000000000000000000000000000000000000000000000000000000000000000000000000222222222222222222222222222222220000000000000000000000000000000000000000000000000000000000000000000
000000000000000000000000000000000000000000000000000000000000000000000000000000000000000000000000000000022222222222222222222222222222222000000000000000000000000000000000000000000000000000000000000000000
000000000000000000000000000000000000000000000000000000000000000000000000000000000000000000000000000000000022222222222222222222222222222000000000000000000000000000000000000000000000000000000000000000000
000000000000000000000000000000000000000000000000000000000000000000000000000000000000000000000000000000000000222222222222222222222222220000000000000000000000000000000000000000000000000000000000000000000
000000000000000000000000000000000000000000000000000000000000000000000000000000000000000000000000000000000000000222222222222222222222000000000000000000000000000000000000000000000000000000000000000000000