000000000000000000000000000000000000000000000000000000000000000000000000000000000000000000000000000000000000000000000000000000000000000000000
000000000000000000000000000000000000000000000000000000000000000000000000000000000000000000000000000000000000000000000000000000444444444444400
000000000000000000000000000000000000000000000000000000000000000000000000000000000000000000000000000000000000000000000000000004444444444444444
000000000000000000000000000000000000000000000000000000000000000000000000000000000000000000000000000000000000000000000000000004444444444444444
000000000000000000000000000000000000000000000000000000000000000000000000000000000000000000000000000000000000000000000000000044444444444444400
000000000000000000000000000000000000000000000000000000000000000000000000000000000000000000000000000000000000000000000000000044444444444444000
000000000000000000000000000000000000000000000000000000000000000000000000000100000000000000000000000000000000000000000000000444444444444444000
000000000000000000000000000000000000000000000000000000000000000000000000001000000000000000000000000000000000000000000000000444444444444440000
000000000000000000000000000000000000000000000000000000000000000000000000010000000000000000000000000000000000000000000000004444444444444440000
000000000000000000000000000000000222222222222222222222222222222220000000100000000000000000000000000000000000000000000000004444444444444440000
000000000000000000000000000000022222222222222222222222222222222222200011110000000000000000000000000000000000000000000000044444444444444400000
000000000000000000000000000000222222222222222222222222222222222222222222222222200000000000000000000000000000000000000000044444444444444400000
000000000000000000000000000000022222222222222222222222222222222222222222222222222222000000000000000000000000000000000000444444444444444400000
000000000000000000000000000000002222222222222222222222222222222222222222222222222222222200000000000000000000000000000000444444444444444000000
000000000000000000000000000000222222222222222222222222222222222222222222222222222222222222000000000000000000000000000004444444444444444000000
000000000000000000000000000001111111111112222221111111111111111111111111111111111111111112220000000000000000000000000244444444444444444000000
000000000000000000000000000011111111111111222211111111111111111111111111111111111111111111222200000000000000000000022244444444444444440000000
000000000000000000000000000111111111111111222211111111111111111111111111111111111111111111222222000000000000000002222444444444444444440000000
000000000000000000000000001111111111111111222211111111111111111111111111111111111111111111222222220000000000003322222444444444444444440000000
000000000000000000000000011111111111111111222211111111111111111111111111111111111111111111222222222200000003333222224444444444444444400000000
000000000000000000000000111111111111111111222211111111111111111111111111111111111111111111222222222233333333333222224444444444444444400000000
000000000000000000000001111111111111111111222211111111111111111111111111111111111111111111222222222333333333332222244444444444444444400000000
000000000000000000000011111111111111111111222211111111111111111111111111111111111111111111222222222333333333332222244444444444444444000000000
000000000000000222222111111111111111111111222211111111111111111111111111111111111111111111222222223333333333322222444444444444444444000000000
000000000222222222222111111111111111111111222211111111111111111111111111111111111111111111222222223333333333322222444444444444444444000000000
000000222222222222222111111111111111111111222211111111111111111111111111111111111111111111222222233333333333222224444444444444444440000000000
002222222222222222222111111111111111111111222211111111111111111111111111111111111111111111222222233333333333222224444444444444444440000000000
022222222222222222222111111111111111111111222211111111111111111111111111111111111111111111222222333333333332222244444444444444444440000000000
222222222222222222222111111111111111111111222211111111111111111111111111111111111111111111222222333333333332222244444444444444444440000000000
022222222222222222222111111111111111111111222211111111111111111111111111111111111111111111222223333333333322222442222222222222222444000000000
002222222222222222222111111111111111111111222211111111111111111111111111111111111111111111222223333333333322222422222222222222222224000000000
000002222222222222222111111111111111111111222211111111111111111111111111111111111111111111222233333333333222224442222222222222222222200000000
000002222222222222222111111111111111111111222211111111111111111111111111111111111111111111222233333333333222224444444422222222222222222000000
000002222222222222222111111111111111111111222211111111111111111111111111111111111111111111222333333333332222244444444444222222222222222200000
000002222222222222222111111111111111111111222211111111111111111111111111111111111111111111222333333333332222244444444444444222222222222200000
000002222222222222222111111111111111111111222211111111111111111111111111111111111111111111223333333333322222444444444444444442222222222000000
000000222222222222222211111111111111111112222221111111111111111111111111111111111111111112223333333333322222444444444444444000000000000000000
000000222222222222222222222222222222222222222222222222222222222222222222222222222222222222233333333333222224444444444000000000000000000000000
000000222222222222222222222222222222222222222222222222222222222222222222222222222222222222233333333333222224444000000000000000000000000000000
000000022222222222222222222222222222222222222222222222222222222222222222222222222222222222333333333332222000000000000000000000000000000000000
000000002222222222222222222222222222222222222222222222222222222222222222222222222222222222333333330000000000000000000000000000000000000000000
000000000222222222222222222222222222222222222222222222222222222222222222222222222222222223330000000000000000000000000000000000000000000000000
000000000002222222222222222222222222222222222222222222222222222222222222222222222222220000000000000000000000000000000000000000000000000000000
000000000000000222222222222222222222222222222222222222222222222222222222222222220000000000000000000000000000000000000000000000000000000000000
000000000000000000022220022222222222222222222222222222222222222222220000000000000000000000000000000000000000000000000000000000000000000000000
000000000000000000022220000000000000000000000000000000000022200022200000000000000000000000000000000000000000000000000000000000000000000000000
000000000000000002222222000000000000000000000000000000002222222222222000000000000000000000000000000000000000000000000000000000000000000000000
000000000000000222222222220000000000000000000000000000222222222222222220000000000000000000000000000000000000000000000000000000000000000000000
000000000000002222222222222000000000000000000000000002222222222222222222000000000000000000000000000000000000000000000000000000000000000000000
000000000000002222222222222200000000000000000000000002222222222222222222200000000000000000000000000000000000000000000000000000000000000000000
000000000000002222222222222200000000000000000000000002222222222222222222200000000000000000000000000000000000000000000000000000000000000000000
000000000000000222222222222000000000000000000000000000222222222222222222000000000000000000000000000000000000000000000000000000000000000000000
000000000000000022222222220000000000000000000000000000022222222222222220000000000000000000000000000000000000000000000000000000000000000000000
000000000000000001111111110000000000000000000000000000001111111111111100000000000000000000000000000000000000000000000000000000000000000000000
000000000000000000111111100000000000000000000000000000000111111111111000000000000000000000000000000000000000000000000000000000000000000000000
000000000000000000011110000000000000000000000000000000000011110011110000000000000000000000000000000000000000000000000000000000000000000000000