000000000000000000000000000000000000000000000000000000000000000000000000000000000000000000000000000000000000000000000000000000000000000000000
000000000000000000000000000000000000000000000000000000000000000000000000000000000000000000000000000000000000000000000000000000333333333333300
000000000000000000000000000000000000000000000000000000000000000000000000000000000000000000000000000000000000000000000000000003333333333333333
000000000000000000000000000000000000000000000000000000000000000000000000000000000000000000000000000000000000000000000000000003333333333333333
000000000000000000000000000000000000000000000000000000000000000000000000000000000000000000000000000000000000000000000000000022222222222222200
000000000000000000000000000000000000000000000000000000000000000000000000000000000000000000000000000000000000000000000000000022222222222222000
000000000000000000000000000000000000000000000000000000000000000000000000000100000000000000000000000000000000000000000000000222222222222222000
000000000000000000000000000000000000000000000000000000000000000000000000001000000000000000000000000000000000000000000000000222222222222220000
000000000000000000000000000000000000000000000000000000000000000000000000010000000000000000000000000000000000000000000000002222233333333330000
000000000000000000000000000000000333333333333333333333333333333330000000100000000000000000000000000000000000000000000000002222333333333330000
000000000000000000000000000000033333333333333333333333333333333333300011110000000000000000000000000000000000000000000000022223333333333300000
000000000000000000000000000000333333333333333333333333333333333333332222222222200000000000000000000000000000000000000000022223333333333300000
000000000000000000000000000000033333333333333333333333333333333333322222222222222222000000000000000000000000000000000000222233333333333300000
000000000000000000000000000000002333333333222222333333333333333332222222222222222222222200000000000000000000000000000000222233333333333000000
000000000000000000000000000000222222222222222222222222222222222222222222222222222222222222000000000000000000000000000002222333222222222000000
000000000000000000000000000001111111111112222221111111111111111111111111111111111111111112220000000000000000000000000222223332222222222000000
000000000000000000000000000011111111111111222211111111111111111111111111111111111111111111222200000000000000000000022222223322222222220000000
000000000000000000000000000111111111111111222211111111111111111111111111111111111111111111222222000000000000000002222222333222222222220000000
000000000000000000000000001111111111111111222211111111111111111111111111111111111111111111222222220000000000002222222233332222222222220000000
000000000000000000000000011111111111111111222211111111111111111111111111111111111111111111222222222200000002222222233332222222222222200000000
000000000000000000000000111111111111111111222211111111111111111111111111111111111111111111222222222222222222222223322222222222222222200000000
000000000000000000000001111111111111111111222211111111111111111111111111111111111111111111222222222222222222222222222222222222222222200000000
000000000000000000000011111111111111111111222211111111111111111111111111111111111111111111222222222222222222222222222222222222222222000000000
000000000000000222222111111111111111111111222211111111111111111111111111111111111111111111222222222222222222222222222222222222222222000000000
000000000222222222222111111111111111111111222211111111111111111111111111111111111111111111222222222222222222222222222222222222222222000000000
000000222222222222222111111111111111111111222211111111111111111111111111111111111111111111222222222222222222222222222222222222222220000000000
002222222222222222222111111111111111111111222211111111111111111111111111111111111111111111222222222222222222222222222222222222222220000000000
022222222222222222222111111111111111111111222211111111114444411111114444411111111111111111222222222222222222222222222222222222222220000000000
222222222222222222222111111111111111111111222211111111144444441111144444441111111111111111222222222222222222222222222222222222222220000000000
022222222222222222222111111111111111111111222211111111144444441111144444441111111111111111222222222222222222222222222222222222222222000000000
002222222222222222222111111111111111111111222211111111144444441111144444441111111111111111222222222222222222222222222222222222222222000000000
000002222222333333333111111111111111111111322311111111144444441111144444441111111111111111333333333333333333333332222222222222222222200000000
000002222222222233333111111111111111111111322311111144444144441144444144441111111111111111333333333333333333333333333322222222222222222000000
000002222222222222222111111111111111111111222211111111144111111111144111111111111111111111333333333333333333333333333333222222222222222200000
000002222222222222222111111111111111111111222211111444444444441444444444441111111111111111222222222222333333333333333333333222222222222200000
000002222222222222222111111111111111111111222211111144444444411144444444411111111111111111222222222222222222222222222233333332222222222000000
000000222222222222222211111111111111111112222221111111111111111111111111111111111111111112222222222222222222222222222222222000000000000000000
000000222222222222222222222222222222222222222222222222222222222222222222222222222222222222222222222222222222222222222000000000000000000000000
000000222222222222222222222222222222222222222222222222222222222222222222222222222222222222222222222222222222222000000000000000000000000000000
000000022222222222222222222222222222222222222222222222222222222222222222222222222222222222222222222222222000000000000000000000000000000000000
000000002222222222222222222222222222222222222222222222222222222222222222222222222222222222222222220000000000000000000000000000000000000000000
000000000222222222222222222222222222222222222222222222222222222222222222222222222222222222220000000000000000000000000000000000000000000000000
000000000002222222222222222222222222222222222222222222222222222222222222222222222222220000000000000000000000000000000000000000000000000000000
000000000000000222222222222222222222222222222222222222222222222222222222222222220000000000000000000000000000000000000000000000000000000000000
000000000000000000022220022222222222222222222222222222222222222222220000000000000000000000000000000000000000000000000000000000000000000000000
000000000000000000022220000000000000000000000000000000000022200022200000000000000000000000000000000000000000000000000000000000000000000000000
000000000000000002222222000000000000000000000000000000002222222222222000000000000000000000000000000000000000000000000000000000000000000000000
000000000000000222222222220000000000000000000000000000222222222222222220000000000000000000000000000000000000000000000000000000000000000000000
000000000000002222222222222000000000000000000000000002222222222222222222000000000000000000000000000000000000000000000000000000000000000000000
000000000000002222222222222200000000000000000000000002222222222222222222200000000000000000000000000000000000000000000000000000000000000000000
000000000000002222222222222200000000000000000000000002222222222222222222200000000000000000000000000000000000000000000000000000000000000000000
000000000000000222222222222000000000000000000000000000222222222222222222000000000000000000000000000000000000000000000000000000000000000000000
000000000000000022222222220000000000000000000000000000022222222222222220000000000000000000000000000000000000000000000000000000000000000000000
000000000000000001111111110000000000000000000000000000001111111111111100000000000000000000000000000000000000000000000000000000000000000000000
000000000000000000111111100000000000000000000000000000000111111111111000000000000000000000000000000000000000000000000000000000000000000000000
000000000000000000011110000000000000000000000000000000000011110011110000000000000000000000000000000000000000000000000000000000000000000000000