000000000000000000000000000000000000000000000000000000000000000000000000000000000000000000000000000000000000000000000000000000000000000000000000000022222222222222200000000
000000000000000000000000000000000000000000000000000000000000000000000000000000000000000000000000000000000000000000000000000000000000000000000000000222222222222222220000000
000000000000000000000000000000000000000000000000000000000000000000000000000000000000000000000000000000000000000000000000000000000000000000000000002222222222222222222000000
000000000000000000000000000000000000000000000000000000000000000000000000000000000000000000000000000000000000000000000000000000000000000000000000002222222222222222222000000
000000000000000000000000000000000000000000000000000000000000000000000000000000000000000000000000000000000000000000000000000000000000000000000011112222222222222222222000000
000000000000000000000000000000000000000000000000000000000000000000000000000000000000000000000000000000000000000000000000000000000000000000111100002222222222222222222000000
000000000000000000000000000000000000000000000000000000000000000000000000000000000000000000000000000000000000000000000000000000000000001111000000002222222222222222222200000
000000000000000000000000000000000000000000000000000000000000000000000000000000000000000000000000000000000000000000000000000000000011110000000000002222222222222222222200000
000000000000000000000000000000000000000000000000000000000000000000000000000000000000000000000000000000000000000000000000000000111100000000000000033333333333333333333300000
000000000000000000000000000000000000000000000000000000000000000000000000000000000000000000000000000000000000000000000000001111000000000000000000033333333333333333333300000
000000000000000000000000000000000000000000000000000000000000000000000000000000000000000000000000000000000000000000000011110000000000000000000000022222222222222222222220000
000000000000000000000000000000000000000000000000000000000000000000000000000000000000000000000000000000000000000000111100000000000000000000000000033333333333333333333330000
000000000000000000000000000000000000000000000000000000000000000000000000000000000000000000000000000000000000001111000000000000000000000000000000033333333333333333333330000
000000000000000000000000000000000000000000000000000000000000000000000000000000000000000000000000000000000011110000000000000000000000000000000000333333333333333333333330000
000000000000000000000000000000000000000000000000000000000000000000000000000000000000000000000000000000111100000000000000000000000000000000000000333333333333333333333333000
000000000000000000000000000000000000000000000000000000000000000000000000000000000000000000000000001111000000000000000000000000000000000000000000333333333333333333333333000
000000000000000000000000000000000000000000000000000000000000000000000000000000000000000000000011110000000000000000000000000000000000000000000000333333333333333333333333000
000000000000000000000000000000000000000000000000000000000000000000000000000000000000000000111100000000000000000000000000000000000000000000000000222222222222222222222222000
000000000000000000000000000000000000000000000000000000000000000000000000000000000000001111000000000000000000000000000000000000000000000000000003333333333333333333333333300
000000000000000000000000000000000000000000000000000000000000000000000000000000000011110000000000000000000000000000000000000000000000000000000003333333333333333333333333300
000000000000000000000000000000000000000000000000000000000000000000000000000000111100000000000000000000000000000000000000000000000000000000000002222222222222222222222222200
000000000000000000000000000000000000000000000000000000000000222222222222222111000000000000000000000000000000000000000000000000000000000000000002222222222222222222222222200
000000000000000000000000000000000000000000000000000000000222222222222222222222222222000000000000000000000000000000000000000000000000000000000002222222222222222222222222220
000000000000000000000000000000000000000000000000022222222222222222222222222222222222222200000000000000000000000000000000000000000000000000000022222222222222222222222222220
000000000000000000000000000000000000000000000222222222222222222222222222222222222222222222000000000000000000000000000000000000000000000000000022222222222222222222222222220
000000000000000000000000000000000000000003333222222222222222222222222222222222222222222222222222222222222222220000000000000000000000000000000022222222222222222222222222220
000000000000000000000000000000000000003333333332222222222222222222222222222222222222222222222222222222222222222222222222222222222222222220000022222222222222222222222222222
000000000000000000000000000000000003333333333333332222222222222222222222222222222222222222222222222222222222222222222222222222222222222222222222222222222222222222222222222
000000000000000000000000000000000033333333333333333333322222222222222222222222222222222222333333333333333333333333333333333333333333333333333333333333333333333333333333333
000000000000000000000000000002222333333333333333333333322222222222222222222222222222222222333333333333333333333333333333333333333333333333333333333333333333333333333333333
000000000000000000000000000222222233333333333333333333322222222222222222222222222222222233333333333333333333333333333333333333333333333333333333333333333333333333333333330
000000000000000000000000022222222223333333333333332222222222222222222222222222222222222222222222222222222222222222222222222222222222222222222222222222222222222222222222220
000000000000000000000000222222222222223333333332222222222222222222222222222222222222222222222222222222222222222222222222222222222222222220000002222222222222222222222222200
000000000000000000000002222222222222222223333222222222222222222222222222222222222222222222222222222222222222220000000000000000000000000000000002222222222222222222222222200
000000000000000000000022222222222222222222222222222222222222222222222222222222222222222222222222222200000000000000000000000000000000000000000000222222222222222222222222000
000000000000000000000222222222222222222222222222222222222222222222222222222222222222222222222222222222000000000000000000000000000000000000000000222222222222222222222222000
000000000000000000001111111111112222222222222222222222222222222222222222222222222222222222222222222222220000000000000000000000000000000000000000022222222222222222222220000
000000000000000000011111111111111222222222222222222222222222222222222222222222222222222222222222222222222200000000000000000000000000000000000000022222222222222222222220000
000000000000000000111111111111111222222222222222222222222222222222222222222222222222222222222222222222222222000000000000000000000000000000000000002222222222222222222200000
000000000000000001111111111111111222222211111111111111111122222222211111111111111111111111111111122222222222220000000000000000000000000000000000002222222222222222222200000
000000000000000011111111111111111222222111111111111111111112222222111111111111111111111111111111112222222222222200000000000000000000000000000000000222222222222222222000000
000000000000000111111111111111111222222111111111111111111112222222111111111111111111111111111111112222222222222222000000000000000000000000000000000222222222222222222000000
000000000000001111111111111111111222222111111111111111111112222222111111111111111111111111111111112222222222222222220000000000000000000000000000000022222222222222220000000
000000000000011111111111111111111222222111111111111111111112222222111111111111111111111111111111112222222222222222222200000000000000000000000000000022222222222222220000000
000000000000111111111111111111111222222111111111111111111112222222111111111111111111111111111111112222222222222222222222000000000000000000000000000002222222222222200000000
000000000002111111111111111111111222222111111111111111111112222222111111111111111111111111111111112222222222222222222222220000000000000000000000000000000000000000000000000
000000000033111111111111111111111333333111111111111111111112222222111111111111111111111111111111113333333333333333333333333300000000000000000000000000000000000000000000000
000000000333111111111111111111111333333111111111111111111112222222111111111111111111111111111111113333333333333333333333333333000000000000000000000000000000000000000000000
000000002222111111111111111111111222222111111111111111111112222222111111111111111111111111111111112222222222222222222222222222200000000000000000000000000000000000000000000
000000033333111111111111111111111333333111111111111111111112222222111111111111111111111111111111113333333333333333333333333333300000000000000000000000000000000000000000000
000000333333111111111111111111111333333111111111111111111112222222111111111111111111111111111111113333333333333333333333333333330000000000000000000000000000000000000000000
000003333333111111111111111111111333333111111111144444111112222222111111111111111111111111111111113333333333333333333333333333330000000000000000000000000000000000000000000
000033333333111111111111111111111333333111111111444444411112222222111111111111111111111111111111113333333333333333333333333333330000000000000000000000000000000000000000000
000333333333111111111111111111111333333111111111444444411112222222111111111111111111111111111111113333333333333333333333333333330000000000000000000000000000000000000000000
003333333333111111111111111111111333333111111111444444411112222222111111111111111111111111111111113333333333333333333333333333330000000000000000000000000000000000000000000
033333333333111111111111111111111333333111111111444444411112222222111111111111111111111111111111113333333333333333333333333333300000000000000000000000000000000000000000000
033333333333111111111111111111111333333111111444441444411112222222111111111111111111111111111111113333333333333333333333333333300000000000000000000000000000000000000000000
333333333333311111111111111111113333333111111111441111111112222222111111111111111111111111111111113333333333333333333333333333000000000000000000000000000000000000000000000
333333333333333333333333333333333333333111114444444444411112222222111111111111111111111111111111113333333333333333333333333300000000000000000000000000000000000000000000000
333333333333333333333333333333333333333111111444444444111112222222111111111111111111111111111111113333333333333333333333333000000000000000000000000000000000000000000000000
333333333333333333333333333333222222222211111111111111111122222222211111111111111111111111111111122222222222222222222222220000000000000000000000000000000000000000000000000
333333333333333333333333332222333333333333333333333333333332222222333333333333333333333333333333333333333333333333333333000000000000000000000000000000000000000000000000000
333333333333333333333332223333333333333333333333333333333332222222333333333333333333333333333333333333333333333333333300000000000000000000000000000000000000000000000000000
333333333333333333332223333333222222222222222222222222222222222222222222222222222222222222222222222222222222222222220000000000000000000000000000000000000000000000000000000
033333333333333333223333332222222222222222222222222222222222222222222222222222222222222222222222222222222222222222000000000000000000000000000000000000000000000000000000000
033333333333333322333332222222222222222222222222222222222222222222222222222222222222222222222222222222222222222200000000000000000000000000000000000000000000000000000000000
003333333333332233332222222222222222222222222222222222222222222222222222222222222222222222222222222222222222220000000000000000000000000000000000000000000000000000000000000
000333333333323333222222222222222222222222222222222222222222222222222222222222222222222222222222222222222222000000000000000000000000000000000000000000000000000000000000000
000333333333233322222222222222222222222222222222222222222222222222222222222222222222222222222222222222222200000000000000000000000000000000000000000000000000000000000000000
000033333322332222222222222222222222222222222222222222222222222222222222222222222222222222222222222222220000000000000000000000000000000000000000000000000000000000000000000
000000333233322222222222222222222222222222222222222222222222222222222222222222222222222222222222222222000000000000000000000000000000000000000000000000000000000000000000000
000000032333222222222222222222222222222222222222222222222222222222222222222222222222222222222222222200000000000000000000000000000000000000000000000000000000000000000000000
000000000332222222222222222222222222222222222222222222222222222222222222222222222222222222222222220000000000000000000000000000000000000000000000000000000000000000000000000
000000000002222222222222222222222222222222222222222222222222222222222222222222222222222222222222000000000000000000000000000000000000000000000000000000000000000000000000000
000000000001122222222222222222222222222222222222222222222222222222222222222222222222222222222200000000000000000000000000000000000000000000000000000000000000000000000000000
000000000001111002222222222222222222222222222222222222222222222222222222222222222222222222000000000000000000000000000000000000000000000000000000000000000000000000000000000
000000000000110000000022222222222222222222222222222222222222222222222222222222222222200000000000000000000000000000000000000000000000000000000000000000000000000000000000000
000000000001110000000000000002222222000000000000000000000000022220000022222220000000000000000000000000000000000000000000000000000000000000000000000000000000000000000000000
000000000001111000000000000002222222000000000000000000000000002222000022222220000000000000000000000000000000000000000000000000000000000000000000000000000000000000000000000
000000000011111000000000000000222222000000000000000000000000000222200021111120000000000000000000000000000000000000000000000000000000000000000000000000000000000000000000000
000000001111111110000000000000222222000000000000000000000000000022220111111111000000000000000000000000000000000000000000000000000000000000000000000000000000000000000000000
000000011111111111000000000000022222000000000000000000000000000002221111111111100000000000000000000000000000000000000000000000000000000000000000000000000000000000000000000
000000011111111111000000000000022222000000000000000000000000000000221111111111100000000000000000000000000000000000000000000000000000000000000000000000000000000000000000000
000000111111111111100000000000000000000000000000000000000000000000011111111111110000000000000000000000000000000000000000000000000000000000000000000000000000000000000000000
000000111111111111100000000000000000000000000000000000000000000000011111111111110000000000000000000000000000000000000000000000000000000000000000000000000000000000000000000
000000111111111111100000000000000000000000000000000000000000000000011111111111110000000000000000000000000000000000000000000000000000000000000000000000000000000000000000000
000000111111111111100000000000000000000000000000000000000000000000011111111111110000000000000000000000000000000000000000000000000000000000000000000000000000000000000000000
000000111111111111100000000000000000000000000000000000000000000000011111111111110000000000000000000000000000000000000000000000000000000000000000000000000000000000000000000
000000011111111111000000000000000000000000000000000000000000000000001111111111100000000000000000000000000000000000000000000000000000000000000000000000000000000000000000000
000000011111111111000000000000000000000000000000000000000000000000001111111111100000000000000000000000000000000000000000000000000000000000000000000000000000000000000000000
000000001111111110000000000000000000000000000000000000000000000000000111111111000000000000000000000000000000000000000000000000000000000000000000000000000000000000000000000
000000000011111000000000000000000000000000000000000000000000000000000001111100000000000000000000000000000000000000000000000000000000000000000000000000000000000000000000000