000000000000000000000000000000000000000000000000000000000000000000000000000000000000000000000000000000000000000000000000000000000000000000000000000022222222222222200000000
000000000000000000000000000000000000000000000000000000000000000000000000000000000000000000000000000000000000000000000000000000000000000000000000000222222222222222220000000
000000000000000000000000000000000000000000000000000000000000000000000000000000000000000000000000000000000000000000000000000000000000000000000000002222222222222222222000000
000000000000000000000000000000000000000000000000000000000000000000000000000000000000000000000000000000000000000000000000000000000000000000000000002222222222222222222000000
000000000000000000000000000000000000000000000000000000000000000000000000000000000000000000000000000000000000000000000000000000000000000000000011112222222222222222222000000
000000000000000000000000000000000000000000000000000000000000000000000000000000000000000000000000000000000000000000000000000000000000000000111100002222222222222222222000000
000000000000000000000000000000000000000000000000000000000000000000000000000000000000000000000000000000000000000000000000000000000000001111000000002222222222222222222200000
000000000000000000000000000000000000000000000000000000000000000000000000000000000000000000000000000000000000000000000000000000000011110000000000002222222222222222222200000
000000000000000000000000000000000000000000000000000000000000000000000000000000000000000000000000000000000000000000000000000000111100000000000000022222222222222222222200000
000000000000000000000000000000000000000000000000000000000000000000000000000000000000000000000000000000000000000000000000001111000000000000000000022222222222222222222200000
000000000000000000000000000000000000000000000000000000000000000000000000000000000000000000000000000000000000000000000011110000000000000000000000022222222222222222222220000
000000000000000000000000000000000000000000000000000000000000000000000000000000000000000000000000000000000000000000111100000000000000000000000000022222222222222222222220000
000000000000000000000000000000000000000000000000000000000000000000000000000000000000000000000000000000000000001111000000000000000000000000000000022222222222222222222220000
000000000000000000000000000000000000000000000000000000000000000000000000000000000000000000000000000000000011110000000000000000000000000000000000222222222222222222222220000
000000000000000000000000000000000000000000000000000000000000000000000000000000000000000000000000000000111100000000000000000000000000000000000000222222222222222222222222000
000000000000000000000000000000000000000000000000000000000000000000000000000000000000000000000000001111000000000000000000000000000000000000000000222222222222222222222222000
000000000000000000000000000000000000000000000000000000000000000000000000000000000000000000000011110000000000000000000000000000000000000000000000222222222222222222222222000
000000000000000000000000000000000000000000000000000000000000000000000000000000000000000000111100000000000000000000000000000000000000000000000000222222222222222222222222000
000000000000000000000000000000000000000000000000000000000000000000000000000000000000001111000000000000000000000000000000000000000000000000000002222222222222222222222222200
000000000000000000000000000000000000000000000000000000000000000000000000000000000011110000000000000000000000000000000000000000000000000000000002222222222222222222222222200
000000000000000000000000000000000000000000000000000000000000000000000000000000111100000000000000000000000000000000000000000000000000000000000002222222222222222222222222200
000000000000000000000000000000000000000000000000000000000000333333333333333111000000000000000000000000000000000000000000000000000000000000000002222222222222222222222222200
000000000000000000000000000000000000000000000000000000000333333333333333333333333333000000000000000000000000000000000000000000000000000000000002222222222222222222222222220
000000000000000000000000000000000000000000000000033333333333333333333333333333333333333300000000000000000000000000000000000000000000000000000022222222222222222222222222220
000000000000000000000000000000000000000000000333333333333333333333333333333333333333333333000000000000000000000000000000000000000000000000000022222222222222222222222222220
000000000000000000000000000000000000000003333333333333333333333333333333333333333333333333333333333333333333330000000000000000000000000000000022222222222222222222222222220
000000000000000000000000000000000000003333333333333333333333333333333333333333333333333333333333333333333333333333333333333333333333333330000022222222222222222222222222222
000000000000000000000000000000000002223333333333333333333333333333333333333333333333333333333333333333333333333333333333333333333333333333333333333333333333333333332222222
000000000000000000000000000000000022223333333333333333333333333333333333333333333333333333333333333333333333333333333333333333333333333333333333333333333333333333333333332
000000000000000000000000000002222222223333333333333333333333333333333333333333333333333333333333333333333333333333333333333333333333333333333333333333333333333333333333333
000000000000000000000000000222222222223333333333333333333333333333333333333333333333333333333333333333333333333333333333333333333333333333333333333333333333333333333333330
000000000000000000000000022222222222223333333333333333333333333333333333333333333333333333333333333333333333333333333333333333333333333333333333333333333333333333332222220
000000000000000000000000222222222222223333333333333333333332222222333333333333333333333333333333333333333333333333333333333333333333333330000002222222222222222222222222200
000000000000000000000002222222222222222223333333333333333332222222333333333333333333333333333333333333333333330000000000000000000000000000000002222222222222222222222222200
000000000000000000000022222222222222222222222333333333333332222222333333333333333332222222222222222200000000000000000000000000000000000000000000222222222222222222222222000
000000000000000000000222222222222222222222222222233333333332222222333222222222222222222222222222222222000000000000000000000000000000000000000000222222222222222222222222000
000000000000000000001111111111112222222222222222222222222222222222222222222222222222222222222222222222220000000000000000000000000000000000000000022222222222222222222220000
000000000000000000011111111111111222222222222222222222222222222222222222222222222222222222222222222222222200000000000000000000000000000000000000022222222222222222222220000
000000000000000000111111111111111222222222222222222222222222222222222222222222222222222222222222222222222222000000000000000000000000000000000000002222222222222222222200000
000000000000000001111111111111111222222211111111111111111122222222211111111111111111111111111111122222222222220000000000000000000000000000000000002222222222222222222200000
000000000000000011111111111111111222222111111111111111111112222222111111111111111111111111111111112222222222222200000000000000000000000000000000000222222222222222222000000
000000000000000111111111111111111222222111111111111111111112222222111111111111111111111111111111112222222222222222000000000000000000000000000000000222222222222222222000000
000000000000001111111111111111111222222111111111111111111112222222111111111111111111111111111111112222222222222222220000000000000000000000000000000022222222222222220000000
000000000000011111111111111111111222222111111111111111111112222222111111111111111111111111111111112222222222222222222200000000000000000000000000000022222222222222220000000
000000000000111111111111111111111222222111111111111111111112222222111111111111111111111111111111112222222222222222222222000000000000000000000000000002222222222222200000000
000000000002111111111111111111111222222111111111111111111112222222111111111111111111111111111111112222222222222222222222220000000000000000000000000000000000000000000000000
000000000022111111111111111111111222222111111111111111111112222222111111111111111111111111111111112222222222222222222222222200000000000000000000000000000000000000000000000
000000000222111111111111111111111222222111111111111111111112222222111111111111111111111111111111112222222222222222222222222222000000000000000000000000000000000000000000000
000000002222111111111111111111111222222111111111111111111112222222111111111111111111111111111111112222222222222222222222222222200000000000000000000000000000000000000000000
000000022222111111111111111111111222222111111111111111111112222222111111111111111111111111111111112222222222222222222222222222200000000000000000000000000000000000000000000
000000222222111111111111111111111333333111111111111111111112222222111111111111111111111111111111113333333333333333333333333333330000000000000000000000000000000000000000000
000002222222111111111111111111111333333111111111144444111112222222111111111144444111111144444111113333333333333333333333333333330000000000000000000000000000000000000000000
000022222222111111111111111111111333333111111111444444411112222222111111111444444411111444444411113333333333333333333333333333330000000000000000000000000000000000000000000
000222222222111111111111111111111333333111111111444444411112222222111111111444444411111444444411113333333333333333333333333333330000000000000000000000000000000000000000000
002222222333111111111111111111111333333111111111444444411112222222111111111444444411111444444411113333333333333333333333333333330000000000000000000000000000000000000000000
022222333333111111111111111111111333333111111111444444411112222222111111111444444411111444444411113333333333333333333333333333300000000000000000000000000000000000000000000
022233333333111111111111111111111333333111111444441444411112222222111111444441444411444441444411113333333333333333333333333333300000000000000000000000000000000000000000000
222333333333311111111111111111113222222111111111441111111112222222111111111441111111111441111111112222222222222222222222222222000000000000000000000000000000000000000000000
233333333333333333333332222222222244444111114444444444411112222222111114444444444414444444444411114444444444444444444444444400000000000000000000000000000000000000000000000
333333333333333322222222222444444444444111111444444444111112222222111111444444444111444444444111114444444444444444444444444000000000000000000000000000000000000000000000000
333333333333222222222444444444444444444411111111111111111142222222411111111111111111111111111111144444444444444444444444440000000000000000000000000000000000000000000000000
333333333222222224444444444444444444444444444444444444444442222222444444444444444444444444444444444444444444444444444444000000000000000000000000000000000000000000000000000
333333322222244444444444444444444444444444444444444444444442222222444444444444444444444444444444444444444444444444444400000000000000000000000000000000000000000000000000000
333333222244444444444444444444444444444444444444444444442222222222222222222222222244444444444444444444444444444444440000000000000000000000000000000000000000000000000000000
033322224444444444444444444444444444444444444444444444422222222222222222222222222224444444444444444444444444444444000000000000000000000000000000000000000000000000000000000
032222244444444444444444444444444444422222222222222222222222222222222222222222222222222222222222222222222222222200000000000000000000000000000000000000000000000000000000000
002224444444444444444444444222222222222222222222222222222222222222222222222222222222222222222222222222222222220000000000000000000000000000000000000000000000000000000000000
000444444444444444442222222222222222222222222222222222222222222222222222222222222222222222222222222222222222000000000000000000000000000000000000000000000000000000000000000
000444444444444422222222222222222222222222222222222222222222222222222222222222222222222222222222222222222200000000000000000000000000000000000000000000000000000000000000000
000044444444422222222222222222222222222222222222222222222222222222222222222222222222222222222222222222220000000000000000000000000000000000000000000000000000000000000000000
000000444442222222222222222222222222222222222222222222222222222222222222222222222222222222222222222222000000000000000000000000000000000000000000000000000000000000000000000
000000044422222222222222222222222222222222222222222222222222222222222222222222222222222222222222222200000000000000000000000000000000000000000000000000000000000000000000000
000000000222222222222222233333333333333333333333333333322222222222222222222222222223333333333333330000000000000000000000000000000000000000000000000000000000000000000000000
000000000002222222222333333333333333333333333333333333322222222222222222222222222223333333333333000000000000000000000000000000000000000000000000000000000000000000000000000
000000000001122222223333333333333333333333333333333333332222222222222222222222222233333333333300000000000000000000000000000000000000000000000000000000000000000000000000000
000000000001111002333333333333333333333333333333333333333332222333333322222223333333333333000000000000000000000000000000000000000000000000000000000000000000000000000000000
000000000000110000000033333333333333333333333333333333333333222233333322222223333333300000000000000000000000000000000000000000000000000000000000000000000000000000000000000
000000000001110000000000000003333333000000000000000000000000022220000022222220000000000000000000000000000000000000000000000000000000000000000000000000000000000000000000000
000000000001111000000000000003333333000000000000000000000000002222000022222220000000000000000000000000000000000000000000000000000000000000000000000000000000000000000000000
000000000011111000000000000000333333000000000000000000000000000222200021111120000000000000000000000000000000000000000000000000000000000000000000000000000000000000000000000
000000001111111110000000000000333333000000000000000000000000000022220111111111000000000000000000000000000000000000000000000000000000000000000000000000000000000000000000000
000000011111111111000000000000033333000000000000000000000000000002221111111111100000000000000000000000000000000000000000000000000000000000000000000000000000000000000000000
000000011111111111000000000000033333000000000000000000000000000000221111111111100000000000000000000000000000000000000000000000000000000000000000000000000000000000000000000
000000111111111111100000000000000000000000000000000000000000000000011111111111110000000000000000000000000000000000000000000000000000000000000000000000000000000000000000000
000000111111111111100000000000000000000000000000000000000000000000011111111111110000000000000000000000000000000000000000000000000000000000000000000000000000000000000000000
000000111111111111100000000000000000000000000000000000000000000000011111111111110000000000000000000000000000000000000000000000000000000000000000000000000000000000000000000
000000111111111111100000000000000000000000000000000000000000000000011111111111110000000000000000000000000000000000000000000000000000000000000000000000000000000000000000000
000000111111111111100000000000000000000000000000000000000000000000011111111111110000000000000000000000000000000000000000000000000000000000000000000000000000000000000000000
000000011111111111000000000000000000000000000000000000000000000000001111111111100000000000000000000000000000000000000000000000000000000000000000000000000000000000000000000
000000011111111111000000000000000000000000000000000000000000000000001111111111100000000000000000000000000000000000000000000000000000000000000000000000000000000000000000000
000000001111111110000000000000000000000000000000000000000000000000000111111111000000000000000000000000000000000000000000000000000000000000000000000000000000000000000000000
000000000011111000000000000000000000000000000000000000000000000000000001111100000000000000000000000000000000000000000000000000000000000000000000000000000000000000000000000