000000000000000000000000000000000000000000000000000000000000000000000000000000000000000000000000000000000000000000000000000000000000000000000000000022222222222222200000000
000000000000000000000000000000000000000000000000000000000000000000000000000000000000000000000000000000000000000000000000000000000000000000000000000222222222222222220000000
000000000000000000000000000000000000000000000000000000000000000000000000000000000000000000000000000000000000000000000000000000000000000000000000002222222222222222222000000
000000000000000000000000000000000000000000000000000000000000000000000000000000000000000000000000000000000000000000000000000000000000000000000000002222222222222222222000000
000000000000000000000000000000000000000000000000000000000000000000000000000000000000000000000000000000000000000000000000000000000000000000000011112222222222222222222000000
000000000000000000000000000000000000000000000000000000000000000000000000000000000000000000000000000000000000000000000000000000000000000000111100002222222222222222222000000
000000000000000000000000000000000000000000000000000000000000000000000000000000000000000000000000000000000000000000000000000000000000001111000000002222222222222222222200000
000000000000000000000000000000000000000000000000000000000000000000000000000000000000000000000000000000000000000000000000000000000011110000000000002222222222222222222200000
000000000000000000000000000000000000000000000000000000000000000000000000000000000000000000000000000000000000000000000000000000111100000000000000022222222222222222222200000
000000000000000000000000000000000000000000000000000000000000000000000000000000000000000000000000000000000000000000000000001111000000000000000000022222222222222222222200000
000000000000000000000000000000000000000000000000000000000000000000000000000000000000000000000000000000000000000000000011110000000000000000000000022223222322222222222220000
000000000000000000000000000000000000000000000000000000000000000000000000000000000000000000000000000000000000000000111100000000000000000000000000022223333322222222222220000
000000000000000000000000000000000000000000000000000000000000000000000000000000000000000000000000000000000000001111000000000000000000000000000000022222333222222222222220000
000000000000000000000000000000000000000000000000000000000000000000000000000000000000000000000000000000000011110000000000000000000000000000000000222222333222222222222220000
000000000000000000000000000000000000000000000000000000000000000000000000000000000000000000000000000000111100000000000000000000000000000000000000222222232222222222222222000
000000000000000000000000000000000000000000000000000000000000000000000000000000000000000000000000001111000000000000000000000000000000000000000000222222222222222222222222000
000000000000000000000000000000000000000000000000000000000000000000000000000000000000000000000011110000000000000000000000000000000000000000000000222224222422222222222222000
000000000000000000000000000000000000000000000000000000000000000000000000000000000000000000111100000000000000000000000000000000000000000000000000222222444222222222222222000
000000000000000000000000000000000000000000000000000000000000000000000000000000000000001111000000000000000000000000000000000000000000000000000002222222222222222222222222200
000000000000000000000000000000000000000000000000000000000000000000000000000000000011110000000000000000000000000000000000000000000000000000000002222222222222222222222222200
000000000000000000000000000000000000000000000000000000000000000000000000000000111100000000000000000000000000000000000000000000000000000000000002222222222222222222222222200
000000000000000000000000000000000000000000000000000000000000222222222222222111000000000000000000000000000000000000000000000000000000000000000002222222222222222222222222200
000000000000000000000000000000000000000000000000000000000222222222222222222222222222000000000000000000000000000000000000000000000000000000000002222222222222222222222222220
000000000000000000000000000000000000000000000000044444442222222222222222222222222222222200000000000000000000000000000000000000000000000000000022222222222222222222222222220
000000000000000000000000000000000000000000000444444444422222222222222222222222222222222222000000000000000000000000000000000000000000000000000022222222222222222222222222220
000000000000000000000000000000000000000004444444444444422222222222222222222222222222222222222222222222222222220000000000000000000000000000000022222222222222222222222222220
000000000000000000000000000000000000004444444444444444422222222222222222222222222222222222222222222222222222222222222222222222222222222220000022222222222222222222222222222
000000000000000000000000000000000002224444444444444444422222222222222222222222222222222222222222222222222222222222222222222222222222222222222222222222222222222222222222222
000000000000000000000000000000000022224444444444444444422222222222222222222222222222222222222222222222222222222222222222222222222222222222222222222222222222222222222222222
000000000000000000000000000002222222222222222222222222222222222222222222222222222222222222222222222222222222222222222222222222222222222222222222222222222222222222222222222
000000000000000000000000000222222222222222222222222222222222222222222222222222222222222222222222222222222222222222222222222222222222222222222222222222222222222222222222220
000000000000000000000000022222222222222222222222222222222222222222222222222222222222222222222222222222222222222222222222222222222222222222222222222222222222222222222222220
000000000000000000000000222222222222222222222222222222222222222222222222222222222222222222222222222222222222222222222222222222222222222220000002222222222222222222222222200
000000000000000000000002222222222222222222222222222222222222222222222222222222222222222222222222222222222222220000000000000000000000000000000002222222222222222222222222200
000000000000000000000022222222222222222222222222222222222222222222222222222222222222222222222222222200000000000000000000000000000000000000000000222222222222222222222222000
000000000000000000000222222222222222222222222222222222222222222222222222222222222222222222222222222222000000000000000000000000000000000000000000222222222222222222222222000
000000000000000000001111111111112222222222222222222222222222222222222222222222222222222222222222222222220000000000000000000000000000000000000000022222222222222222222220000
000000000000000000011111111111111222222222222222222222222222222222222222222222222222222222222222222222222200000000000000000000000000000000000000022222222222222222222220000
000000000000000000111111111111111222222222222222222222222222222222222222222222222222222222222222222222222222000000000000000000000000000000000000002222444422222222222200000
000000000000000001111111111111111222222211111111111111111122222222211111111111111111111111111111122222222222220000000000000000000000000000000000002222222222222222222200000
000000000000000011111111111111111222222111111111111111111112222222111111111111111111111111111111112222222222222200000000000000000000000000000000000222222222222222222000000
000000000000000111111111111111111222222111111111111111111112222222111111111111111111111111111111112222222222222222000000000000000000000000000000000222222222222222222000000
000000000000001111111111111111111222222111111111111111111112222222111111111111111111111111111111112222222222222222220000000000000000000000000000000022222222222222220000000
000000000000011111111111111111111222222111111111111111111112222222111111111111111111111111111111112222222222222222222200000000000000000000000000000022222222222222220000000
000000000000111111111111111111111222222111111111111111111112222222111111111111111111111111111111112222222222222222222222000000000000000000000000000002222222222222200000000
000000000004111111111111111111111222222111111111111111111112222222111111111111111111111111111111112222222222222222222222220000000000000000000000000000000000000000000000000
000000000044111111111111111111111222222111111111111111111112222222111111111111111111111111111111112222222222222222222222222200000000000000000000000000000000000000000000000
000000000444111111111111111111111222222111111111111111111112222222111111111111111111111111111111112222222222222222222222222222000000000000000000000000000000000000000000000
000000004444111111111111111111111222222111111111111111111112222222111111111111111111111111111111112222222222222222222222222222200000000000000000000000000000000000000000000
000000044444111111111111111111111222222111111111111111111112222222111111111111111111111111111111112222222222222222222222222222200000000000000000000000000000000000000000000
000000444444111111111111111111111222222111111111111111111112222222111111111111111111111111111111112222222222222222222222222222220000000000000000000000000000000000000000000
000004444444111111111111111111111222222111111111111111111112222222111111111111111111111111111111112222222222233222233222222222220000000000000000000000000000000000000000000
000044444444111111111111111111111222222111111111111111111112222222111111111111111111111111111111112222222222232222223222222222220000000000000000000000000000000000000000000
000444444444111111111111111111111222222111111111111111111112222222111111111111111111111111111111112222222222222222222222222222220000000000000000000000000000000000000000000
004444444444111111111111111111111222222111111111111111111112222222111111111111111111111111111111112222222222222222222222222222220000000000000000000000000000000000000000000
044444444444111111111111111111111222222111111111111111111112222222111111111111111111111111111111112222222222222222222222222222200000000000000000000000000000000000000000000
044444444444111111111111111111111222222111111111111111111112222222111111111111111111111111111111112222222222222222222222222222200000000000000000000000000000000000000000000
444444444444211111111111111111112222222111111111111111111112222222111111111111111111111111111111112222222222222222222222222222000000000000000000000000000000000000000000000
444444444442222222222222222222222222222111111111111111111112222222111111111111111111111111111111112222222222232222223222222200000000000000000000000000000000000000000000000
444444444422222222222222222222222222222111111111111111111112222222111111111111111111111111111111112222222222233222233222222000000000000000000000000000000000000000000000000
222222222222222222222222222222222223322211111111111111111122222222211111111111111111111111111111122222222222222222222222220000000000000000000000000000000000000000000000000
222222222222222222222222222222222223322222222222222222222222222222222222222222222222222222222222222222222222222222222222000000000000000000000000000000000000000000000000000
222222222222222222222222222222222223322222222222222222222222222222222222222222222222222222222222222222222222222222222200000000000000000000000000000000000000000000000000000
222222222222222222222222222222233323323332222222222222222222222222222222222222222222222222222222222222222222222222220000000000000000000000000000000000000000000000000000000
022222222222222222222222222222222223322222222222222222222222222222222222222222222222222222222222222222222222222222000000000000000000000000000000000000000000000000000000000
022222222222222222222222222222222223322222222222222222222222222222222222222222222222222222222222222222222222222200000000000000000000000000000000000000000000000000000000000
002222222222222222222222222222222223322222222222222222222222222222222222222222222222222222222222222222222222220000000000000000000000000000000000000000000000000000000000000
000222222222222222222222222222222223322222222222222222222222222222222222222222222222222222222222222222222222000000000000000000000000000000000000000000000000000000000000000
000222222222222222222222222222222223322222222222222222222222222222222222222222222222222222222222222222222200000000000000000000000000000000000000000000000000000000000000000
000022222222222222222222222222222223322222222222222222222222222222222222222222222222222222222222222222220000000000000000000000000000000000000000000000000000000000000000000
000000222222222222222222222222222223322222222222222222222222222222222222222222222222222222222222222222000000000000000000000000000000000000000000000000000000000000000000000
000000022222222222222222222222222223322222222222222222222222222222222222222222222222222222222222222200000000000000000000000000000000000000000000000000000000000000000000000
000000000222222222222222222222244444444442222222222222222222222222222222222222222222222222222222220000000000000000000000000000000000000000000000000000000000000000000000000
000000000002222222222222222222244444444442222222222222222222222222222222222222222222222222222222000000000000000000000000000000000000000000000000000000000000000000000000000
000000000001122222222222222222222222222222222222222222222222222222222222222222222222222222222200000000000000000000000000000000000000000000000000000000000000000000000000000
000000000001111002222222222222222222222222222222222222222222222222222222222222222222222222000000000000000000000000000000000000000000000000000000000000000000000000000000000
000000000000110000000022222222222222222222222222222222222222222222222222222222222222200000000000000000000000000000000000000000000000000000000000000000000000000000000000000
000000000001110000000000000004444444000000000000000000000000022220000022222220000000000000000000000000000000000000000000000000000000000000000000000000000000000000000000000
000000000001111000000000000004444444000000000000000000000000002222000022222220000000000000000000000000000000000000000000000000000000000000000000000000000000000000000000000
000000000011111000000000000000444444000000000000000000000000000222200021111120000000000000000000000000000000000000000000000000000000000000000000000000000000000000000000000
000000001111111110000000000000444444000000000000000000000000000022220111111111000000000000000000000000000000000000000000000000000000000000000000000000000000000000000000000
000000011111111111000000000000044444000000000000000000000000000002221111111111100000000000000000000000000000000000000000000000000000000000000000000000000000000000000000000
000000011111111111000000000000044444000000000000000000000000000000221111111111100000000000000000000000000000000000000000000000000000000000000000000000000000000000000000000
000000111111111111100000000000000000000000000000000000000000000000011111111111110000000000000000000000000000000000000000000000000000000000000000000000000000000000000000000
000000111111111111100000000000000000000000000000000000000000000000011111111111110000000000000000000000000000000000000000000000000000000000000000000000000000000000000000000
000000111111111111100000000000000000000000000000000000000000000000011111111111110000000000000000000000000000000000000000000000000000000000000000000000000000000000000000000
000000111111111111100000000000000000000000000000000000000000000000011111111111110000000000000000000000000000000000000000000000000000000000000000000000000000000000000000000
000000111111111111100000000000000000000000000000000000000000000000011111111111110000000000000000000000000000000000000000000000000000000000000000000000000000000000000000000
000000011111111111000000000000000000000000000000000000000000000000001111111111100000000000000000000000000000000000000000000000000000000000000000000000000000000000000000000
000000011111111111000000000000000000000000000000000000000000000000001111111111100000000000000000000000000000000000000000000000000000000000000000000000000000000000000000000
000000001111111110000000000000000000000000000000000000000000000000000111111111000000000000000000000000000000000000000000000000000000000000000000000000000000000000000000000
000000000011111000000000000000000000000000000000000000000000000000000001111100000000000000000000000000000000000000000000000000000000000000000000000000000000000000000000000