00000000000000000000000000000000000000000000000000000000000000000000000000000000003333330000
00000000000000000000000000000000000000000000000000000000000000000000000000000000033333333000
00000000000000000000000000000000000000000000000000000000000000000000000000000000333333333300
00000000000000000000000000000000000000000000000000000000000000000000000000000000333333333300
00000000000000000000000000000000000000000000000000000000000000000000000000000003333333333330
00000000000000000000000000000000222222222222222222222222222222000000000000000003333333333330
00000000000000000000000000000022222222222222222222222222222222220000000000000003333333333330
00000000000000000000000000000222222222222222222222222222222222222000000000000033333333333330
00000000000000000000000000000022222222222222222222222222222222220000000000000033333333333330
00000000000000000000000000000002222222222222222222222222222222220000000000000033333333333330
00000000000000000000000000000021111111111122211111111111111111122200000000000333333333333330
00000000000000000000000000000211111111111112111111111111111111112222000000000333333333333330
00000000000000000000000000002111111111111112111111111111111111112222220000000333333333333330
00000000000000000000000000021111111111111112111111111111111111112222222200003333333333333330
00000000000000000000000000211111111111111112111111111111111111112222222223333322222222222222
00000000000000000000000002111111111111111112111111111111111111112222222222233322222222222222
00000000000000000000000021111111111111111112111111111111111111112222222222222333333333333330
00000000000000000000000211111111111111111112111111111111111111112222222222222223333333333330
00000000000000000000002111111111111111111112111111111111111111112222222222222222233333333330
00000000222222222222221111111111111111111112111111111111111111112222222222222222222233333330
00000002222222222222221111111111111111111112111111111111111111112222222222222222222222333330
00033322222222222222221111111111111111111112111111111111111111112222222222222222222222223330
00333322222222222222221111111111111111111112111111111111111111112222222222222222222222222220
03333322222222222222221111111111111111111112111111111111111111112222222222222222222222222220
00333322222222222222221111111111111111111112111111111111111111112222222222222222222222222220
00033322222222222222221111111111111111111112111111111111111111112222222222222222222222222220
00000022222222222222221111111111111111111112111111111111111111112222222222222222222222222200
00000022222222222222221111111111111111111112111111111111111111112222222222222222222222200000
00000042222222222222221111111111111111111112111111111111111111112222222222222222222211000000
00000044444444444444441111111111111111111114111111111111111111114444444444444444411011000000
00000004444444444444441111111111111111111114111111111111111111114444444444444400001111000000
00000000444444444444444111111111111111111144411111111111111111144444444444400000000111000000
00000000044444444444444444444444444444444444444444444444444444444444444400000000000011110000
00000000004444444444444444444444444444444444444444444444444444444444400000000000000001111000
00000000000444444444444444444444444444444444444444444444444444444400000000000000000011111100
00000000000044444444444444444333344444444444444444444444444444400000000000000000000011111100
00000000000000000000000000000333300333300000000000000000000000000000000000000000000001111000
00000000000000000000000000000033300033300000000000000000000000000000000000000000000000110000
00000000000000000000000000003333333333333000000000000000000000000000000000000000000000000000
00000000000000000000000000333333333333333330000000000000000000000000000000000000000000000000
00000000000000000000000003333333333333333333000000000000000000000000000000000000000000000000
00000000000000000000000003333333333333333333300000000000000000000000000000000000000000000000
00000000000000000000000003333333333333333333300000000000000000000000000000000000000000000000
00000000000000000000000000333333333333333333000000000000000000000000000000000000000000000000
00000000000000000000000000033333333333333330000000000000000000000000000000000000000000000000
00000000000000000000000000001111111111111100000000000000000000000000000000000000000000000000
00000000000000000000000000000111111111111000000000000000000000000000000000000000000000000000
00000000000000000000000000000011110011110000000000000000000000000000000000000000000000000000