00000000000000000000000000000000000000000000000000000000000000000000000000000000003333330000
00000000000000000000000000000000000000000000000000000000000000000000000000000000033333333000
00000000000000000000000000000000000000000000000000000000000000000000000000000000333333333300
00000000000000000000000000000000000000000000000000000000000000000000000000000000333333333300
00000000000000000000000000000000000000000000000000000000000000000000000000000003333333333330
00000000000000000000000000000000333333333333333333333333333333000000000000000003333333333330
00000000000000000000000000000033333333333333333333333333333333330000000000000003333333333330
00000000000000000000000000000333333333333333333333333333333333333000000000000033333333333330
00000000000000000000000000000033333333333333333333333333333333330000000000000022222222222220
00000000000000000000000000000003333333333333333333333333333333330000000000000022222222222220
00000000000000000000000000000011111111111133311111111111111111133300000000000333333333333330
00000000000000000000000000000111111111111113111111111111111111113333000000000222222222222220
00000000000000000000000000001111111111111113111111111111111111113333330000000222222222222220
00000000000000000000000000011111111111111113111111111111111111113333333300002222222222222220
00000000000000000000000000111111111111111113111111111111111111113333333332222233333333333333
00000000000000000000000001111111111111111113111111111111111111113333333333322233333333333333
00000000000000000000000011111111111111111113111111111111111111113333333333333222333333333330
00000000000000000000000111111111111111111113111111111111111111113333333333333332222222222220
00000000000000000000001111111111111111111113111111111111111111113333333333333333322222222220
00000000333333333333331111111111111111111113111111111111111111113333333333333333333322222220
00000003333333333333331111111111111111111113111111111111111111113333333333333333333333222220
00033333333333333333331111111111111111111113111111111111111111113333333333333333333333332220
00333333333333333333331111111111111111111113111111111144444111113333333333333333333333333330
03333322222222222222221111111111111111111112111111111444444411112222222222222222222222222220
00333333333333333333331111111111111111111113111111111444444411113333333333333333333333333330
00033333333333333333331111111111111111111113111111111444444411113333333333333333333333333330
00000022222222222222221111111111111111111112111111111444444411112222222222222222222222222200
00000022222222222222221111111111111111111112111111444441444411112222222222222222222222200000
00000022222222222222221111111111111111111112111111111441111111112222222222222222222211000000
00000022222222222222221111111111111111111112111114444444444411112222222222222222211011000000
00000002222222222222221111111111111111111112111111444444444111112222222222222200001111000000
00000000222222222222222111111111111111111122211111111144441111122222222222200000000111000000
00000000022222222222222222222222222222222222222222222222222222222222222200000000000011110000
00000000002222222222222222222222222222222222222222222222222222222222200000000000000001111000
00000000000222222222222222222222222222222222222222222222222222222200000000000000000011111100
00000000000022222222222222222222222222222222222222222222222222200000000000000000000011111100
00000000000000000000000000000222200222200000000000000000000000000000000000000000000001111000
00000000000000000000000000000022200022200000000000000000000000000000000000000000000000110000
00000000000000000000000000003333333333333000000000000000000000000000000000000000000000000000
00000000000000000000000000333333333333333330000000000000000000000000000000000000000000000000
00000000000000000000000002222222222222222222000000000000000000000000000000000000000000000000
00000000000000000000000002222222222222222222200000000000000000000000000000000000000000000000
00000000000000000000000002222222222222222222200000000000000000000000000000000000000000000000
00000000000000000000000000333333333333333333000000000000000000000000000000000000000000000000
00000000000000000000000000033333333333333330000000000000000000000000000000000000000000000000
00000000000000000000000000001111111111111100000000000000000000000000000000000000000000000000
00000000000000000000000000000111111111111000000000000000000000000000000000000000000000000000
00000000000000000000000000000011110011110000000000000000000000000000000000000000000000000000