0000000000000000000000000000000000000000000000000000000000000000000000000000000000000000000000000000000000000000000000000000000000000000000000000000033333333333333333333333000
0000000000000000000000000000000000000000000000000000000000000000000000000000000000000000000000000000000000000000000000000000000000000000000000000003333333333333333333333333330
0000000000000000000000000000000000000000000000000000000000000000000000000000000000000000000000000000000000000000000000000000000000000000000000000033333333333333333333333333333
0000000000000000000000000000000000000000000000000000000000000000000000000000000000000000000000000000000000000000000000000000000000000000000000000003333333333333333333333333330
0000000000000000000000000000000000000000000000000000000000000000000000000000000000000000000000000000000000000000000000000000000000000000000000000000033333333333333333333333000
0000000000000000000000000000000000000000000000000000000000000000000000000000000000000000000000000000000000000000000000000000000000000000000000000000033333333333333333330000000
0000000000000000000000000000000000000000000000000000000000000000000000000000000000000000000000000000000000000000000000000000000000000000000000000000033333333333333333330000000
0000000000000000000000000000000000000000000000000000000000000000000000000000000000000000000000000000000000000000000000000000000000000000000000000000333333333333333333330000000
0000000000000000000000000000000000000000000000000000000000000000000000000000000000000000000000000000000000000000000000000000000000000000000000000000333333333333333333330000000
0000000000000000000000000000000000000000000000000000000000000000000000000000000000000000000000000000000000000000000000000000000000000000000000000003333333333333333333330000000
0000000000000000000000000000000000000000000000000000000000000000000000000000000000000000000000000000000000000000000000000000000000000000000000000003333333333333333333300000000
0000000000000000000000000000000000000000000000000000000000000000000000000000000000000000000000000000000000000000000000000000000000000000000000000003333333333333333333300000000
0000000000000000000000000000000000000000000000000000000000000000000000000000000000000000000000000000000000000000000000000000000000000000000000000033333333333333333333300000000
0000000000000000000000000000000000000000000000000000000000000000000000000000000000000000000000000000000000000000000000000000000000000000000000000033333333333333333333300000000
0000000000000000000000000000000000000000000000000000000000000000000000000000000000000000000000000000000000000000000000000000000000000000000000000333333333333333333333300000000
0000000000000000000000000000000000000000000000000000000000000000000000000000000000000000000000000000000000000000000000000000000000000000000000000333333333333333333333300000000
0000000000000000000000000000000000000000000000000000000000000000000000000000000000000000000000000000000000000000000000000000000000000000000000003333333333333333333333000000000
0000000000000000000000000000000000000000000000000000000000000000000000000000000000000000000000000000000000000000000000000000000000000000000000003333333333333333333333000000000
0000000000000000000000000000000000000000000000000000000000000000000000000000000000000000000000000000000000000000000000000000000000000000000000033333333333333333333333000000000
0000000000000000000000000000000000000000000000000000000000000000000000000000000000000000000000000000000000000000000000000000000000000000000003333333333333333333333333000000000
0000000000000000000000000000000000000000000000000000000000000000000000000000000000000000000000000000000000000000000000000000000000000003333333333333333333333333333333000000000
0000000000000000000000000000000000000000000000000000000000000000000000000000000000000000000000000000000000000000000000000000000000333333333333333333333333333333333333000000000
0000000000000000000000000000000000000000000000000000000000000000000000000000000000000000000000000000000000000000000000000000333333333333333333333333333333333333333330000000000
0000000000000000000000000000000000000000000000000000000000000000000000000000000000000000000000000000000000000000000000333333333333333333333333333333333333333333333330000000000
0000000000000000000000000000000000000000000000000000000000222222222222222222222222222222222222224444444444333333333333333333333333333333333333333333333333333333333330000000000
0000000000000000000000000000000000000000000000044422222222222222222222222222222222222222222222224444444444333333333333333333333333333333333333333333333333333333333330000000000
0000000000000000000000000000000000000000000044444442222222222222222222222222222222222222222222222444444444433333333333333333333333333333333333333333333333333333333330000000000
0000000000000000000000000000000000000000004444444442222222222222222222222222222222222222222222222444444444433333333333333333333333333333333333333333333333333333333300000000000
0000000000000000000000000000000000000000011111111111122222221111111111111111111111111111111111111111111111111111113333333333333333333333333333333333333333333333333300000000000
0000000000000000000000000000000000000000111111111111112222211111111111111111111111111111111111111111111111111111111333333333333333333333333333333333333333333333333300000000000
0000000000000000000000000000000000000001111111111111112222211111111111111111111111111111111111111111111111111111111333333333333333333333333333333333333333333333333300000000000
0000000000000000000000000000000000000011111111111111112222211111111111111111111111111111111111111111111111111111111333333333333333333333333333333333333333333333333300000000000
0000000000000000000000000000000000000111111111111111112222211111111111111111111111111111111111111111111111111111111333333333333333333333333333333333333333333333333300000000000
0000000000000000000000000000000000001111111111111111112222211111111111111111111111111111111111111111111111111111111333333333333333333333333333333333333333333333333000000000000
0000000000000000000000000000000000011111111111111111114222211111111111111111111111111111111111111111111111111111111333333333333333333333333333333333333333333333333000000000000
0000000000000000000000000000000000111111111111111111114222211111111111111111111111111111111111111111111111111111111333333333333333333333333333333333333333333333333000000000000
0000000000000000000000000000000331111111111111111111114422211111111111111111111111111111111111111111111111111111111333333333333333333333333333333333333333333333333000000000000
0000000000000000000000000003333331111111111111111111114422211111111111111111111111111111111111111111111111111111111333333333333333333333333333333333333333333333333000000000000
0000000000000000000000033333333331111111111111111111114442211111111111111111111111111111111111111111111111111111111333333333333333333333333333333333333333333333333000000000000
0000000000000000000333333333333331111111111111111111114442211111111111111111111111111111111111111111111111111111111333333333333333333333333333333333333333333333330000000000000
0000000000000003333333333333333331111111111111111111114444211111111111111111111111111111111111111111111111111111111333333333333333333333333333333333333333333333330000000000000
0000000000003333333333333333333331111111111111111111114444211111111111111111111111111111111111111111111111111111111333333333333333333333333333333333333333333333330000000000000
0000000033333333333333333333333331111111111111111111114444411111111111111111111111111111111111111111111111111111111333333333333333333333333333333333333333333333330000000000000
0000003333333333333333333333333331111111111111111111114444411111111111111111111111111111111111111111111111111111111333333333333333333333333333333333333333333333330000000000000
0000333333333333333333333333333331111111111111111111114444411111111111111111111111111111111111111111111111111111111433333333333333333333333333333333333333333333330000000000000
0033333333333333333333333333333331111111111111111111114444411111111111111111111111111111111111111111111111111111111433333333333333333333333333333333333333333333300000000000000
0333333333333333333333333333333331111111111111111111114444411111111111111111111111111111111111111111111111111111111443333333333333333333333333333333333333333333300000000000000
3333333333333333333333333333333331111111111111111111114444411111111111111111111111111111111111111111111111111111111443333333333333333333333333333333333333333333300000000000000
3333333333333333333333333333333331111111111111111111114444411111111111111111111111111111111111111111111111111111111444333333333333333333333333333333333333333000000000000000000
3333333333333333333333333333333333111111111111111111144444441111111111111111111111111111111111111111111111111111114444333333333333333333333333333333333000000000000000000000000
3333333333333333333333333333333322222222333333333333344444444442222222222222222222222222222222222222222222222444444444433333333333333333333333330000000000000000000000000000000
0333333333333333333333333333332222222222222222333333344444444442222222222222222222222222222222222222222222222444444444433333333333333333300000000000000000000000000000000000000
0033333333333333333333333333222222222222222222222222334444444444222222222222222222222222222222222222222222222244444444443333333333300000000000000000000000000000000000000000000
0000333333333333333333333322222222222222222222222222222224444444222222222222222222222222222222222222222222222244444444443333300000000000000000000000000000000000000000000000000
0000003333333333333333333222222222222222222222222222222222244444422222222222222222222222222222222222222222222224444444444300000000000000000000000000000000000000000000000000000
0000000033333333333333111222222222222222222222222222222222222222222222222222222222222222222222222222222222222224444444400000000000000000000000000000000000000000000000000000000
0000000000003333333331111222222222222222222222222222222222222222222222222222222222222222222222222222222222222224444400000000000000000000000000000000000000000000000000000000000
0000000000000000033311111222222222222222222222222222222222222222222222222222222222222222222222222222222222222222400000000000000000000000000000000000000000000000000000000000000
0000000000000000000001111222222222222222222222222222222222222222222222222222222222222222222222222222222222000000000000000000000000000000000000000000000000000000000000000000000
0000000000000000000000111222222222222222222222222222222222222222222222222222222222222222222222220000000000000000000000000000000000000000000000000000000000000000000000000000000
0000000000000000000000000222222222222222222222222222222222222222222222222222222222222222222222222200000000000000000000000000000000000000000000000000000000000000000000000000000
0000000000000000000000000002222222222222222222222222222222222222222222222222222222222222222222222222000000000000000000000000000000000000000000000000000000000000000000000000000
0000000000000000000000000000022222222222222222222222222222222222222222222222222222222222222222222222200000000000000000000000000000000000000000000000000000000000000000000000000
0000000000000000000000000000002222222222222222222222222222222222222222222222222222222222222222222222222000000000000000000000000000000000000000000000000000000000000000000000000
0000000000000000000000000000002222222222222222222222222222222222222222222222222222222222222222222222222200000000000000000000000000000000000000000000000000000000000000000000000
0000000000000000000000000000002222222222222222222222222222222222222222222222000002222222222222222222222000000000000000000000000000000000000000000000000000000000000000000000000
0000000000000000000000000000000222222222222222222222222222222222222222220000000000022222222222222222200000000000000000000000000000000000000000000000000000000000000000000000000
0000000000000000000000000000000222222222222222222222222222222222222200000000000000000000000000000000000000000000000000000000000000000000000000000000000000000000000000000000000
0000000000000000000000000000000022222222222222222222222222222220000000000000000000000000000000000000000000000000000000000000000000000000000000000000000000000000000000000000000
0000000000000000000000000000000002222222222222222222222222200000000000000000000000000000000000000000000000000000000000000000000000000000000000000000000000000000000000000000000