0000000000000000000000000000000000000000000000000000000000000000000000000000000000000000000000000000000000000000000000000000000000000000000000000000022222222222222222222222000
0000000000000000000000000000000000000000000000000000000000000000000000000000000000000000000000000000000000000000000000000000000000000000000000000002222222222222222222222222220
0000000000000000000000000000000000000000000000000000000000000000000000000000000000000000000000000000000000000000000000000000000000000000000000000022222222222222222222222222222
0000000000000000000000000000000000000000000000000000000000000000000000000000000000000000000000000000000000000000000000000000000000000000000000000002222222222222222222222222220
0000000000000000000000000000000000000000000000000000000000000000000000000000000000000000000000000000000000000000000000000000000000000000000000000000022222222222222222222222000
0000000000000000000000000000000000000000000000000000000000000000000000000000000000000000000000000000000000000000000000000000000000000000000000000000022222222222222222230000000
0000000000000000000000000000000000000000000000000000000000000000000000000000000000000000000000000000000000000000000000000000000000000000000000000000022222222222222222330000000
0000000000000000000000000000000000000000000000000000000000000000000000000000000000000000000000000000000000000000000000000000000000000000000000000000222222222222222223330000000
0000000000000000000000000000000000000000000000000000000000000000000000000000000000000000000000000000000000000000000000000000000000000000000000000000222222222222222233330000000
0000000000000000000000000000000000000000000000000000000000000000000000000000000000000000000000000000000000000000000000000000000000000000000000000002222222222222222333330000000
0000000000000000000000000000000000000000000000000000000000000000000000000000000000000000000000000000000000000000000000000000000000000000000000000002222222222222223333300000000
0000000000000000000000000000000000000000000000000000000000000000000000000000000000000000000000000000000000000000000000000000000000000000000000000002222222222222233333300000000
0000000000000000000000000000000000000000000000000000000000000000000000000000000000000000000000000000000000000000000000000000000000000000000000000022222222222222333333300000000
0000000000000000000000000000000000000000000000000000000000000000000000000000000000000000000000000000000000000000000000000000000000000000000000000022222222222223333333300000000
0000000000000000000000000000000000000000000000000000000000000000000000000000000000000000000000000000000000000000000000000000000000000000000000000222222222222233333333300000000
0000000000000000000000000000000000000000000000000000000000000000000000000000000000000000000000000000000000000000000000000000000000000000000000000222222222222333333333300000000
0000000000000000000000000000000000000000000000000000000000000000000000000000000000000000000000000000000000000000000000000000000000000000000000002222222222223333333333000000000
0000000000000000000000000000000000000000000000000000000000000000000000000000000000000000000000000000000000000000000000000000000000000000000000002222222222233333333333000000000
0000000000000000000000000000000000000000000000000000000000000000000000000000000000000000000000000000000000000000000000000000000000000000000000022222222222333333333333000000000
0000000000000000000000000000000000000000000000000000000000000000000000000000000000000000000000000000000000000000000000000000000000000000000002222222222223333333333333000000000
0000000000000000000000000000000000000000000000000000000000000000000000000000000000000000000000000000000000000000000000000000000000000002222222222222222333333333333333000000000
0000000000000000000000000000000000000000000000000000000000000000000000000000000000000000000000000000000000000000000000000000000000222222222222222222233333333333333333000000000
0000000000000000000000000000000000000000000000000000000000000000000000000000000000000000000000000000000000000000000000000000222222222222222222222223333333333333333330000000000
0000000000000000000000000000000000000000000000000000000000000000000000000000000000000000000000000000000000000000000000222222222222222222222222222233333333333333333330000000000
0000000000000000000000000000000000000000000000000000000000222222222222222222222222222222222222222222222222222222222222222222222222222222222222223333333333333333333330000000000
0000000000000000000000000000000000000000000000022222222222222222222222222222222222222222222222222222222222222222222222222222222222222222222222333333333333333333333330000000000
0000000000000000000000000000000000000000000022222222222222222222222222222222222222222222222222222222222222222222222222222222222222222222223333333333333333333333333330000000000
0000000000000000000000000000000000000000002222222222222222222222222222222222222222222222222222222222222222222222222222222222222222222233333333333333333333333333333300000000000
0000000000000000000000000000000000000000011111111111122222221111111111111111111111111111111111111111111111111111112222222222222222333333333333333333333333333333333300000000000
0000000000000000000000000000000000000000111111111111112222211111111111111111111111111111111111111111111111111111111222222222333333333333333333333333333333333333333300000000000
0000000000000000000000000000000000000001111111111111113333311111111111111111111111111111111111111111111111111111111333333333333333333333333333333333333333333333333300000000000
0000000000000000000000000000000000000011111111111111113333311111111111111111111111111111111111111111111111111111111333333333333333333333333333333333333333333333333300000000000
0000000000000000000000000000000000000111111111111111113333311111111111111111111111111111111111111111111111111111111333333333333333333333333333333333333333333333333300000000000
0000000000000000000000000000000000001111111111111111113333311111111111111111111111111111111111111111111111111111111333333333333333333333333333333333333333333333333000000000000
0000000000000000000000000000000000011111111111111111113333311111111111111111111111111111111111111111111111111111111333333333333333333333333333333333333333333333333000000000000
0000000000000000000000000000000000111111111111111111112222211111111111111111111111111111111111111111111111111111111222222222222222222222222233333333333333333333333000000000000
0000000000000000000000000000000221111111111111111111112222211111111111111111111111111111111111111111111111111111111222222222222222222222222222222233333333333333333000000000000
0000000000000000000000000002222221111111111111111111112222211111111111111111111111111111111111111111111111111111111222222222222222222222222222222222222333333333333000000000000
0000000000000000000000022222222221111111111111111111112222211111111111111111111111111111111111111111111111111111111222222222222222222222222222222222222222333333333000000000000
0000000000000000000222222222222221111111111111111111112222211111111111111111111111111111111111111111111111111111111222222222222222222222222222222222222222222233330000000000000
0000000000000002222222222222222221111111111111111111112222211111111114444411111114444411111111111111111111111111111222222222222222222222222222222222222222222222230000000000000
0000000000002222222222222222222221111111111111111111112222211111111144444441111144444441111111111111111111111111111222222222222222222222222222222222222222222222220000000000000
0000000033332222222222222222222221111111111111111111112222211111111144444441111144444441111111111111111111111111111222222222222222222222222222222222222222222222220000000000000
0000003333332222222222222222222221111111111111111111112222211111111144444441111144444441111111111111111111111111111222222222222222222222222222222222222222222222220000000000000
0000333333333222222222222222222221111111111111111111112222211111111144444441111144444441111111111111111111111111111222222222222222222222222222222222222222222222220000000000000
0033333333333222222222222222222221111111111111111111112222211111144444144441144444144441111111111111111111111111111222222222222222222222222222222222222222222222200000000000000
0333333333333222222222222222222221111111111111111111112222211111111144111111111144111111111111111111111111111111111222222222222222222222222222222222222222222222200000000000000
3333333333333222222222222222222221111111111111111111112222211111444444444441444444444441111111111111111111111111111222222222222222222222222222222222222222222222200000000000000
3333333333333222222222222222222221111111111111111111112222211111144444444411144444444411111111111111111111111111111222222222222222222222222222222222222222222000000000000000000
3333333333333222222222222222222222111111111111111111122222221111111114444111111114444111111111111111111111111111112222222222222222222222222222222222222000000000000000000000000
3333333333333222222222222222222222222222222222222222222222222222222222222222222222222222222222222222222222222222222222222222222222222222222222220000000000000000000000000000000
0333333333333222222222222222222222222222222222222222222222222222222222222222222222222222222222222222222222222222222222222222222222222222200000000000000000000000000000000000000
0033333333333222222222222222222222222222222222222222222222222222222222222222222222222222222222222222222222222222222222222222222222200000000000000000000000000000000000000000000
0000333333333222222222222222222222222222222222222222222222222222222222222222222222222222222222222222222222222222222222222222200000000000000000000000000000000000000000000000000
0000003333332222222222222222222222222222222222222222222222222222222222222222222222222222222222222222222222222222222222222200000000000000000000000000000000000000000000000000000
0000000033332222222222111222222222222222222222222222222222222222222222222222222222222222222222222222222222222222222222200000000000000000000000000000000000000000000000000000000
0000000000002222222221111222222222222222222222222222222222222222222222222222222222222222222222222222222222222222222200000000000000000000000000000000000000000000000000000000000
0000000000000000022211111222222222222222222222222222222222222222222222222222222222222222222222222222222222222222200000000000000000000000000000000000000000000000000000000000000
0000000000000000000001111222222222222222222222222222222222222222222222222222222222222222222222222222222222000000000000000000000000000000000000000000000000000000000000000000000
0000000000000000000000111222222222222222222222222222222222222222222222222222222222222222222222220000000000000000000000000000000000000000000000000000000000000000000000000000000
0000000000000000000000000222222222222222222222222222222222222222222222222222222222222222222222222200000000000000000000000000000000000000000000000000000000000000000000000000000
0000000000000000000000000002222222222222222222222222222222222222222222222222222222222222222222222222000000000000000000000000000000000000000000000000000000000000000000000000000
0000000000000000000000000000022222222222222222222222222222222222222222222222222222222222222222222222200000000000000000000000000000000000000000000000000000000000000000000000000
0000000000000000000000000000002222222222222222222222222222222222222222222222222222222222222222222222222000000000000000000000000000000000000000000000000000000000000000000000000
0000000000000000000000000000002222222222222222222222222222222222222222222222222222222222222222222222222200000000000000000000000000000000000000000000000000000000000000000000000
0000000000000000000000000000002222222222222222222222222222222222222222222222000002222222222222222222222000000000000000000000000000000000000000000000000000000000000000000000000
0000000000000000000000000000000222222222222222222222222222222222222222220000000000022222222222222222200000000000000000000000000000000000000000000000000000000000000000000000000
0000000000000000000000000000000222222222222222222222222222222222222200000000000000000000000000000000000000000000000000000000000000000000000000000000000000000000000000000000000
0000000000000000000000000000000022222222222222222222222222222220000000000000000000000000000000000000000000000000000000000000000000000000000000000000000000000000000000000000000
0000000000000000000000000000000002222222222222222222222222200000000000000000000000000000000000000000000000000000000000000000000000000000000000000000000000000000000000000000000