0000000000000000000000000000000000000000000000000000000000000000000000000000000000000000000000000000000000000000000000000000000000000000000000000000022222222222222222222222000
0000000000000000000000000000000000000000000000000000000000000000000000000000000000000000000000000000000000000000000000000000000000000000000000000002222222222222222222222222220
0000000000000000000000000000000000000000000000000000000000000000000000000000000000000000000000000000000000000000000000000000000000000000000000000022222222222222222222222222222
0000000000000000000000000000000000000000000000000000000000000000000000000000000000000000000000000000000000000000000000000000000000000000000000000002222222222222222222222222220
0000000000000000000000000000000000000000000000000000000000000000000000000000000000000000000000000000000000000000000000000000000000000000000000000000022222222222222222222222000
0000000000000000000000000000000000000000000000000000000000000000000000000000000000000000000000000000000000000000000000000000000000000000000000000000022222222222222222220000000
0000000000000000000000000000000000000000000000000000000000000000000000000000000000000000000000000000000000000000000000000000000000000000000000000000022222222222222222220000000
0000000000000000000000000000000000000000000000000000000000000000000000000000000000000000000000000000000000000000000000000000000000000000000000000000222222222222222222220000000
0000000000000000000000000000000000000000000000000000000000000000000000000000000000000000000000000000000000000000000000000000000000000000000000000000222222222222222222220000000
0000000000000000000000000000000000000000000000000000000000000000000000000000000000000000000000000000000000000000000000000000000000000000000000000002222222222222222222220000000
0000000000000000000000000000000000000000000000000000000000000000000000000000000000000000000000000000000000000000000000000000000000000000000000000002222222222222222222200000000
0000000000000000000000000000000000000000000000000000000000000000000000000000000000000000000000000000000000000000000000000000000000000000000000000002222222222222222222200000000
0000000000000000000000000000000000000000000000000000000000000000000000000000000000000000000000000000000000000000000000000000000000000000000000000022222222222222222222200000000
0000000000000000000000000000000000000000000000000000000000000000000000000000000000000000000000000000000000000000000000000000000000000000000000000022222222222222222222200000000
0000000000000000000000000000000000000000000000000000000000000000000000000000000000000000000000000000000000000000000000000000000000000000000000000222222222222222222222200000000
0000000000000000000000000000000000000000000000000000000000000000000000000000000000000000000000000000000000000000000000000000000000000000000000000222222222222222222222200000000
0000000000000000000000000000000000000000000000000000000000000000000000000000000000000000000000000000000000000000000000000000000000000000000000002222222222222222222223000000000
0000000000000000000000000000000000000000000000000000000000000000000000000000000000000000000000000000000000000000000000000000000000000000000000002222222222222222222331000000000
0000000000000000000000000000000000000000000000000000000000000000000000000000000000000000000000000000000000000000000000000000000000000000000000022222222222222222233111000000000
0000000000000000000000000000000000000000000000000000000000000000000000000000000000000000000000000000000000000000000000000000000000000000000002222222222222222223311111000000000
0000000000000000000000000000000000000000000000000000000000000000000000000000000000000000000000000000000000000000000000000000000000000002222222222222222222222331111111000000000
0000000000000000000000000000000000000000000000000000000000000000000000000000000000000000000000000000000000000000000000000000000000222222222222222222222222333111111111000000000
0000000000000000000000000000000000000000000000000000000000000000000000000000000000000000000000000000000000000000000000000000222222222222222222222222223333111111111110000000000
0000000000000000000000000000000000000000000000000000000000000000000000000000000000000000000000000000000000000000000000222222222222222222222223333333331111111111111110000000000
0000000000000000000000000000000000000000000000000000000000111111111111111111111111111111111111111111111111111111133333333333333333333333333331111111111111111111111110000000000
0000000000000000000000000000000000000000000000011111111111111111111111111111111111111111111111111111111111111111111111111111111111111111111111111111111111111111111110000000000
0000000000000000000000000000000000000000000011111111111111111111111111111111111111111111111111111111111111111111111111111111111111111111111111111111111111111111111110000000000
0000000000000000000000000000000000000000001111111111111111111111111111111111111111111111111111111111111111111111111111111111111111111111111111111111111111111111111100000000000
0000000000000000000000000000000000000000011111111111111111111111111111111111111111111111111111111111111111111111111111111111111111111111111111111111111111111111111100000000000
0000000000000000000000000000000000000000111111111111111111111111111111111111111111111111111111111111111111111111111111111111111111111111111111111111111111111111111100000000000
0000000000000000000000000000000000000001111111111111111111111111111111111111111111111111111111111111111111111111111111111111111111111111111111111111111111111111111100000000000
0000000000000000000000000000000000000011111111111111111111111111111111111111111111111111111111111111111111111111111111111111111111111111111111111111111111111111111100000000000
0000000000000000000000000000000000000111111111111111111111111111111111111111111111111111111111111111111111111111111111111111111111111111111111111111111111111111111100000000000
0000000000000000000000000000000000001111111111111111111111111111111111111111111111111111111111111111111111111111111111111111111111111111111111111111111111111111111000000000000
0000000000000000000000000000000000011111111111111111111111111111111111111111111111111111111111111111111111111111111111111111111111111111111111111111111111111111111000000000000
0000000000000000000000000000000000111111111111111111111111111111111111111111111111111111111111111111111111111111111111111111111111111111111111111111111111111111111000000000000
0000000000000000000000000000000111111111111111111111111111111111111111111111111111111111111111111111111111111111111111111111111111111111111111111111111111111111111000000000000
0000000000000000000000000001111111111111111111111111111111111111111111111111111111111111111111111111111111111111111111111111111111111111111111111111111111111111111000000000000
0000000000000000000000011111111111111111111111111111111111111111111111111111111111111111111111111111111111111111111111111111111111111111111111111111111111111111111000000000000
0000000000000000000111111111111111111111111111111111111111111111111111111111111111111111111111111111111111111111111111111111111111111111111111111111111111111111110000000000000
0000000000000001111111111111111111111111111111111111111111111111111114444411111114444411111114444411111114444411111111111111111111111111111111111111111111111111110000000000000
0000000000001111111111111111111111111111111111111111111111111111111144444441111144444441111144444441111144444441111111111111111111111111111111111111111111111111110000000000000
0000000011111111111111111111111111111111111111111111111111111111111144444441111144444441111144444441111144444441111111111111111111111111111111111111111111111111110000000000000
0000001111111111111111111111111111111111111111111111111111111111111144444441111144444441111144444441111144444441111111111111111111111111111111111111111111111111110000000000000
0000111111111111111111111111111111111111111111111111111111111111111144444441111144444441111144444441111144444441111111111111111111111111111111111111111111111111110000000000000
0011111111111111111111111111111111111111111111111111111111111111144444144441144444144441144444144441144444144441111111111111111111111111111111111111111111111111100000000000000
0333333333333333333333333333333331111111111111111111111111111111111144111111111144111111111144111111111144111111111333333333333333333333333333333333333333333333300000000000000
2222222222222222222222222222222221111111111111111111112222211111444444444441444444444441444444444441444444444441111222222222222222222222222222222222222222222222200000000000000
2222222222222222222222222222222221111111111111111111112222211111144444444411144444444411144444444411144444444411111222222222222222222222222222222222222222222000000000000000000
2222222222222222222222222222222222111111111111111111122222221111111111111111111111111111111111111111111111111111112222222222222222222222222222222222222000000000000000000000000
2222222222222222222222222222222211111111222222222222222222222222222222222222222222222222222222222222222222222222222222222222222222222222222222220000000000000000000000000000000
0333333333333333333333333333333333333111111111333333333333333333333333333333333333333333333333333333333333333333333333333333333333333333300000000000000000000000000000000000000
0011111111111111111111111111222222222333333333333333111111111111111111111111111111111111111111111111111111111111111111111111111111100000000000000000000000000000000000000000000
0000111111111111111111111122222222222222222222222223333331111111111111111111111111111111111111111111111111111111111111111111100000000000000000000000000000000000000000000000000
0000001111111111111111111222222222222222222222222222222222211111111111111111111111111111111111111111111111111111111111111100000000000000000000000000000000000000000000000000000
0000000011111111111111111222222222222222222222222222222222221111111111111111111111111111111111111111111111111111111111100000000000000000000000000000000000000000000000000000000
0000000000001111111111111222222222222222222222222222222222111111111111111111111111111111111111111111111111111111111100000000000000000000000000000000000000000000000000000000000
0000000000000000011111111222222222222222222222222222222221111111111111111111111111111111111111111111111111111111100000000000000000000000000000000000000000000000000000000000000
0000000000000000000001111222222222222222222222222222222222111111111111111111111111111111111111111111111111000000000000000000000000000000000000000000000000000000000000000000000
0000000000000000000000111222222222222222222222222222222222211111111111111111111111111111111111110000000000000000000000000000000000000000000000000000000000000000000000000000000
0000000000000000000000000222222222222222222222222222222222222222221111111111111111111111111111111100000000000000000000000000000000000000000000000000000000000000000000000000000
0000000000000000000000000002222222222222222222222223333333333333333331111111111111111111111111111111000000000000000000000000000000000000000000000000000000000000000000000000000
0000000000000000000000000000022222222333333333333331111111111111111111111111111111111111111111111111100000000000000000000000000000000000000000000000000000000000000000000000000
0000000000000000000000000000003333333111111111111111111111111111111111111111111111111111111111111111111000000000000000000000000000000000000000000000000000000000000000000000000
0000000000000000000000000000001111111111111111111111111111111111111111111111111111111111111111111111111100000000000000000000000000000000000000000000000000000000000000000000000
0000000000000000000000000000001111111111111111111111111111111111111111111111000001111111111111111111111000000000000000000000000000000000000000000000000000000000000000000000000
0000000000000000000000000000000111111111111111111111111111111111111111110000000000011111111111111111100000000000000000000000000000000000000000000000000000000000000000000000000
0000000000000000000000000000000111111111111111111111111111111111111100000000000000000000000000000000000000000000000000000000000000000000000000000000000000000000000000000000000
0000000000000000000000000000000011111111111111111111111111111110000000000000000000000000000000000000000000000000000000000000000000000000000000000000000000000000000000000000000
0000000000000000000000000000000001111111111111111111111111100000000000000000000000000000000000000000000000000000000000000000000000000000000000000000000000000000000000000000000