000000000000000000000000000000000000000000000000000000000000000000000000000000000000000000000000000000000000000000000000000000000000000000000000000000000000000000000000000000000000000000000000000000000000000000000000000000000
000000000000000000000000000000000000000000000000000000000000000000000000000000000222222222222222222222222222222222222222222222222222222222222222000000000000000000000000000000000000000000000000000000004444444444443333333333000
000000000000000000000000000000000000000000000000000000000000000000000002222222222222222222222222222222222222222222222222222222222222222222222222222222222200000000000000000000000000000000000000000044444444444444443333333333300
000000000000000000000000000000000000000000000000000000000000000022222222222222222222222222222222222222222222222222222222222222222222222222222222222222222222222220000000000000000000000000000000004444444444444444443333333333330
000000000000000000000000000000000000000000000000000000000022222222222222222222222222222222222222222222222222222222222222222222222222222222222222222222222222222222222220000000000000000000000000444444444444444444443333333333333
000000000000000000000000000000000000000000000000000002222222222222222222222222222222222222222222222222222222222222222222222222222222222222222222222222222222222222222222222200000000000000000044444444444444444444443333333333333
000000000000000000000000000000000000000000000000022222222222222222222222222222222222222222222222222222222222222222222222222222222222222222222222222222222222222222222222222222220000000000000444444444444444444444443333333333333
000000000000000000000000000000000000000000000022222222222222222222222222222222222222222222222222222222222222222222222222222222222222222222222222222222222222222222222222222222222220000000004444444444444444444444443333333333333
000000000000000000000000000000000000000000222222222222222222222222222222222222222222222222222222222222222222222222222222222222222222222222222222222222222222222222222222222222222222222000044444444444444444444444443333333333333
000000000000000000000000000000000000000222222222222222222222222222222222222222222222222222222222222222222222222222222222222222222222222222222222222222222222222222222222222222222222222222444444444444444444444444443333333333333
000000000000000000000000000000000000222222222222222222222222222222222222222222222222222222222222222222222222222222222222222222222222222222222222222222222222222222222222222222222222222222222444444444444444444444443333333333333
000000000000000000000000000000000022222222222222222222222222222222222222222222222222222222222222222222222222222222222222222222222222222222222222222222222222222222222222222222222222222222222224444444444444444444443333333333333
000000000000000000000000000000022222222222222222222222222222222222222222222222222222222222222222222222222222222222222222222222222222222222222222222222222222222222222222222222222222222222222222224444444444444444443333333333333
000000000000000000000000000002222222222222222222222222222222222222222222222222222222222222222222222222222222222222222222222222222222222222222222222222222222222222222222222222222222222222222222222244444444444444443333333333333
000000000000000000000000000222222222222222222222222222222222222222222222222222222222222222222222222222222222222222222222222222222222222222222222222222222222222222222222222222222222222222222222222222444444444444443333333333333
000000000000000000000000022222222222222222222222222222222222222222222222222222222222222222222222222222222222222222222222222222222222222222222222222222222222222222222222222222222222222222222222222222224444444444443333333333333
000000000000000000000002222222222222222222222222222222222222222222222223333333333333333333333333333333333333333333333333333333333333333333333333333333333322222222222222222222222222222222222222222222222244444444443333333333333
000000000000000000000222222222222222222222222222222222222222222233333333333333333333333333333333333333333333333333333333333333333333333333333333333333333333333332222222222222222222222222222222222222222222444444443333333333333
000000000000000000022222222222222222222222222222222223333333333333333333333333333333333333333333333333333333333333333333333333333333333333333333333333333333333333333333333322222222222222222222222222222222224444443333333333333
000000000000000000222222222222222222222222222222233333333333333333333333333333333333333333333333333333333333333333333333333333333333333333333333333333333333333333333333333333332222222222222222222222222222222444443333333333333
000000000000000022222222222222222222222222333333333333333333333333333333333333333333333333333333333333333333333333333333333333333333333333333333333333333333333333333333333333333333333222222222222222222222222224443333333333333
000000000000000222222222222222222222222333333333333333333333333344444444444444444444444444444444444444444444444444444444444444444444444444444444444444444444444443333333333333333333333333222222222222222222222222443333333333333
000000000000002222222222222222222233333333333333333334444444444444444444444444444444444444444444444444444444444444444444444444444444444444444444444444444444444444444444444433333333333333333332222222222222222222243333333333333
000000000000222222222222222222233333333333333333344444444444444444444444444444444444444444444444444444444444444444444444444444444444444444444444444444444444444444444444444444443333333333333333332222222222222222222333333333333
000000000002222222222222222333333333333333444444444444444444444444444444444444444444444444444444444444444444444444444444444444444444444444444444444444444444444444444444444444444444444333333333333333222222222222222233333333333
000000000022222222222222233333333333333444444444444444444444444444444444444444444444444444444444444444444444444444444444444444444444444444444444444444444444444444444444444444444444444444333333333333332222222222222223333333333
000000000222222222222333333333344444444444444444444444444444444444444444444444444444444444444444444444444444444444444444444444444444444444444444444444444444444444444444444444444444444444444444443333333333222222222222333333333
000000002222222222233333333444444444444444444444444444444444444444444444444444444444444444444444444444444444444444444444444444444444444444444444444444444444444444444444444444444444444444444444444444333333332222222222233333333
000000022222222233333333344444444444444444444444444444444444444444444444444444444444444444444444444444444444444444444444444444444444444444444444444444444444444444444444444444444444444444444444444444443333333332222222223333333
000000222222222333333444444444444444444444444444444444444444444444444444444444444444444444444444444444444444444444444444444444444444444444444444444444444444444444444444444444444444444444444444444444444444333333222222222000000
000000222222333333344444444444444444444444444444444444444444444444444444444444444444444444444444444444444444444444444444444444444444444444444444444444444444444444444444444444444444444444444444444444444444443333333222222000000
000002222223333344444444444444444444444444444444444444444444444444444444444444444444444444444444444444444444444444444444444444444444444444444444444444444444444444444444444444444444444444444444444444444444444443333322222200000
000032222333444444444444444444444444444444444444444444444444444444444444444444444444444444444444444444444444444444444444444444444444444444444444444444444444444444444444444444444444444444444444444444444444444444444333222220000
000033223334444444444444444444444444444444444444444444444444444444444444444444444444444444444444444444444444444444444444444444444444444444444444444444444444444444444444444444444444444444444444444444444444444444444433322220000
000333333444444444444444444444444444444444444444444444444444444444444444444444444444444444444444444444444444444444444444444444444444444444444444444444444444444444444444444444444444444444444444444444444444444444444444333222000
003333334444444444444444444444444444444444444444444444444444444444444444444444444444444444444444444444444444444444444444444444444444444444444444444444444444444444444444444444444444444444444444444444444444444444444444433222200
003333344444444444444444444444444444444444444444444444444444444444444444444444444444444444444444444444444444444444444444444444444444444444444444444444444444444444444444444444444444444444444444444444444444444444444444444332200
003333344444444444444444444444444444444444444444444444444444444444444444444444444444444444444444444444444444444444444444444444444444444444444444444444444444444444444444444444444444444444444444444444444444444444444444444442200
033333344444444444444444444444444444444444444444444444444444444444444444444444444444444444444444444444444444444444444444444444444444444444444444444444444444444444444444444444444444444444444444444444444444444444444444444443320
033333344444444444444444444444444444444444444444444444444444444444444444444444444444444444444444444444444444444444444444444444444444444444444444444444444444444444444444444444444444444444444444444444444444444444444444444444420
033333344444444444444444444444444444444444444444444444444444444444444444444444444444444444444444444444444444444444444444444444444444444444444444444444444444444444444444444444444444444444444444444444444444444444444444444444430
333333334444444444444444444444444444444444444444444444444444444444444444444444444444444444444444444444444444444444444444444444444444444444444444444444444444444444444444444444444444444444444444444444444444444444444444444444442
333333334444444444444444444444444444444444444444444444444444444444444444444444444444444444444444444444444444444444444444444444444444444444444444444444444444444444444444444444444444444444444444444444444444444444444444444444443
333333334444444444444444444444444444444444444444444444444444444444444444444444444444444444444444444444444444444444444444444444444444444444444444444444444444444444444444444444444444444444444444444444444444444444444444444444444
333333334444444444444444444444444444444444444444444444444444444444444444444444444444444444444444444444444444444444444444444444444444444444444444444444444444444444444444444444444444444444444444444444444444444444444444444444444
333333334444444444444444444444444444444444444444444444444444444444444444444444444444444444444444444444444444444444444444444444444444444444444444444444444444444444444444444444444444444444444444444444444444444444444444444444444
333333334444444444444444444444444444444444444444444444444444444444444444444444444444444444444444444444444444444444444444444444444444444444444444444444444444444444444444444444444444444444444444444444444444444444444444444444444
333333334444444444444444444444444444444444444444444444444444444444444444444444444444444444444444444444444444444444444444444444444444444444444444444444444444444444444444444444444444444444444444444444444444444444444444444444444
333333334444444444444444444444444444444444444444444444444444444444444444444444444444444444444444444444444444444444444444444444444444444444444444444444444444444444444444444444444444444444444444444444444444444444444444444444444
333333334444444444444444444444444444444444444444444444444444444444444444444444444444444444444444444444444444444444444444444444444444444444444444444444444444444444444444444444444444444444444444444444444444444444444444444444442
033333344444444444444444444444444444444444444444444444444444444444444444444444444444444444444444444444444444444444444444444444444444444444444444444444444444444444444444444444444444444444444444444444444444444444444444444444430
033333344444444444444444444444444444444444444444444444444444444444444444444444444444444444444444444444444444444444444444444444444444444444444444444444444444444444444444444444444444444444444444444444444444444444444444444444420
033333344444444444444444444444444444444444444444444444444444444444444444444444444444444444444444444444444444444444444444444444444444444444444444444444444444444444444444444444444444444444444444444444444444444444444444444443320
003333344444444444444444444444444444444444444444444444444444444444444444444444444444444444444444444444444444444444444444444444444444444444444444444444444444444444444444444444444444444444444444444444444444444444444444444442200
003333444444444444444444444444444444444444444444444444444444444444444444444444444444444444444444444444444444444444444444444444444444444444444444444444444444444444444444444444444444444444444444444444444444444444444444444332200
003333334444444444444444444444444444444444444444444444444444444444444444444444444444444444444444444444444444444444444444444444444444444444444444444444444444444444444444444444444444444444444444444444444444444444444444433222200
000332333444444444444444444444444444444444444444444444444444444444444444444444444444444444444444444444444444444444444444444444444444444444444444444444444444444444444444444444444444444444444444444444444444444444444444333222000
000032223334444444444444444444444444444444444444444444444444444444444444444444444444444444444444444444444444444444444444444444444444444444444444444444444444444444444444444444444444444444444444444444444444444444444433322220000
000022222333444444444444444444444444444444444444444444444444444444444444444444444444444444444444444444444444444444444444444444444444444444444444444444444444444444444444444444444444444444444444444444444444444444444333222220000
000002222223333444444444444444444444444444444444444444444444444444444444444444444444444444444444444444444444444444444444444444444444444444444444444444444444444444444444444444444444444444444444444444444444444444333322222200000
000000222222333333344444444444444444444444444444444444444444444444444444444444444444444444444444444444444444444444444444444444444444444444444444444444444444444444444444444444444444444444444444444444444444443333333222222000000
000000222222222333333444444444444444444444444444444444444444444444444444444444444444444444444444444444444444444444444444444444444444444444444444444444444444444444444444444444444444444444444444444444444444333333222222222000000
000000022222222233333333344444444444444444444444444444444444444444444444444444444444444444444444444444444444444444444444444444444444444444444444444444444444444444444444444444444444444444444444444444443333333332222222223333333
000000002222222222233333333444444444444444444444444444444444444444444444444444444444444444444444444444444444444444444444444444444444444444444444444444444444444444444444444444444444444444444444444444333333332222222222233333333
000000000222222222222333333333344444444444444444444444444444444444444444444444444444444444444444444444444444444444444444444444444444444444444444444444444444444444444444444444444444444444444444443333333333222222222222333333333
000000000022222222222222233333333344444444444444444444444444444444444444444444444444444444444444444444444444444444444444444444444444444444444444444444444444444444444444444444444444444444444443333333332222222222222223333333333
000000000002222222222222222333333333333333444444444444444444444444444444444444444444444444444444444444444444444444444444444444444444444444444444444444444444444444444444444444444444444333333333333333222222222222222233333333333
000000000000222222222222222222233333333333333333344444444444444444444444444444444444444444444444444444444444444444444444444444444444444444444444444444444444444444444444444444443333333333333333332222222222222222222333333333333
000000000000002222222222222222222233333333333333333334444444444444444444444444444444444444444444444444444444444444444444444444444444444444444444444444444444444444444444444433333333333333333332222222222222222222243333333333333
000000000000000222222222222222222222222333333333333333333333333344444444444444444444444444444444444444444444444444444444444444444444444444444444444444444444444443333333333333333333333333222222222222222222222222443333333333333
000000000000000022222222222222222222222222333333333333333333333333333334444444444444444444444444444444444444444444444444444444444444444444444444444444444433333333333333333333333333333222222222222222222222222224443333333333333
000000000000000000222222222222222222222222222222233333333333333333333333333333333444444444444444444444444444444444444444444444444444444444444444333333333333333333333333333333332222222222222222222222222222222444443333333333333
000000000000000000022222222222222222222222222222222223333333333333333333333333333333333333333333333333333333333333333333333333333333333333333333333333333333333333333333333322222222222222222222222222222222224444443333333333333
000000000000000000000222222222222222222222222222222222222222222233333333333333333333333333333333333333333333333333333333333333333333333333333333333333333333333332222222222222222222222222222222222222222222444444443333333333333
000000000000000000000002222222222222222222222222222222222222222222222223333333333333333333333333333333333333333333333333333333333333333333333333333333333322222222222222222222222222222222222222222222222244444444443333333333333
000000000000000000000000022222222222222222222222222222222222222222222222222222222333333333333333333333333333333333333333333333333333333333333333222222222222222222222222222222222222222222222222222222224444444444443333333333333
000000000000000000000000000222222222222222222222222222222222222222222222222222222222222222222222222222222222222222222222222222222222222222222222222222222222222222222222222222222222222222222222222222444444444444443333333333333
000000000000000000000000000002222222222222222222222222222222222222222222222222222222222222222222222222222222222222222222222222222222222222222222222222222222222222222222222222222222222222222222222244444444444444443333333333333
000000000000000000000000000000022222222222222222222222222222222222222222222222222222222222222222222222222222222222222222222222222222222222222222222222222222222222222222222222222222222222222222224444444444444444443333333333333
000000000000000000000000000000000022222222222222222222222222222222222222222222222222222222222222222222222222222222222222222222222222222222222222222222222222222222222222222222222222222222222224444444444444444444443333333333333
000000000000000000000000000000000000222222222222222222222222222222222222222222222222222222222222222222222222222222222222222222222222222222222222222222222222222222222222222222222222222222222444444444444444444444443333333333333
000000000000000000000000000000000000000222222222222222222222222222222222222222222222222222222222222222222222222222222222222222222222222222222222222222222222222222222222222222222222222222444444444444444444444444443333333333333
000000000000000000000000000000000000000000222222222222222222222222222222222222222222222222222222222222222222222222222222222222222222222222222222222222222222222222222222222222222222222000044444444444444444444444443333333333333
000000000000000000000000000000000000000000000022222222222222222222222222222222222222222222222222222222222222222222222222222222222222222222222222222222222222222222222222222222222220000000004444444444444444444444443333333333333
000000000000000000000000000000000000000000000000022222222222222222222222222222222222222222222222222222222222222222222222222222222222222222222222222222222222222222222222222222220000000000000444444444444444444444443333333333333
000000000000000000000000000000000000000000000000000002222222222222222222222222222222222222222222222222222222222222222222222222222222222222222222222222222222222222222222222200000000000000000044444444444444444444443333333333333
000000000000000000000000000000000000000000000000000000000022222222222222222222222222222222222222222222222222222222222222222222222222222222222222222222222222222222222220000000000000000000000000444444444444444444443333333333333
000000000000000000000000000000000000000000000000000000000000222222222222222222222222222222222222222222222222222222222222222222222222222222222222222222222222222221100000000000000000000000000000004444444444444444443333333333330
000000000000000000000000000000000000000000000000000000000000022222222222222222222222222222222222222222222222222222222222222222222222222222222222222222222222200001100000000000000000000000000000000044444444444444443333333333300
000000000000000000000000000000000000000000000000000000000000022222222222222222222222222222222222222222222222222222222222222222222222222222222222222222222221100001100000000000000000000000000000000000004444444444443333333333000
000000000000000000000000000000000000000000000000000000000000002111111111111111111111111111222211111111111111111111111111111111111111111111111111111122222200110001100000000000000000000000000000000000000000000000000000000000000
000000000000000000000000000000000000000000000000000000000000000211111111111111111111111111122111111111111111111111111111111111111111111111111111111112222000011001100000000000000000000000000000000000000000000000000000000000000
000000000000000000000000000000000000000000000000000000000000000021111111111111111111111111122111111111111111111111111111111111111111111111111111111112220000001111100000000000000000000000000000000000000000000000000000000000000
000000000000000000000000000000000000000000000000000000000000000002111111111111111111111111122111111111111111111111111111111111111111111111111111111112200000001222222000000000000000000000000000000000000000000000000000000000000
000000000000000000000000000000000000000000000000000000000000000000211111111111111111111111122111111111111111111111111111111111111111111111111111111112200000002222222200000000000000000000000000000000000000000000000000000000000
000000000000000000000000000000000000000000000000000000000000000000021111111111111111111111122111111111111111111111111111111111111111111111111111111112200000002222222222220000000000000000000000000000000000000000000000000000000
000000000000000000000000000000000000000000000000000000000000000000002111111111111111111111122111111111111111111111111111111111111111111111111111111112200000002222222222222222000000000000000000000000000000000000000000000000000
000000000000000000000000000000000000000000000000000000000000000000000211111111111111111111122111111111111111111111111111111111111111111111111111111112200000002222222222222222200000000000000000000000000000000000000000000000000
000000000000000000000000000000000000000000000000000000000000000000000211111111111111111111122111111111111111111111111111111111111111111111111111111112200002222222222222222222200000000000000000000000000000000000000000000000000
000000000000000000000000000000000000000000000000000000000000000000000211111111111111111111122111111111111111111111111111111111111111111111111111111112200022222222222222222222200000000000000000000000000000000000000000000000000
000000000000000000000000000000000000000000000000000000000000000000000211111111111111111111122111111111111111111111111111111111111111111111111111111112200222222222222222222222200000000000000000000000000000000000000000000000000
000000000000000000000000000000000000000000000000000000000000000000000211111111111111111111122111111111111111111111111111111111111111111111111111111112200022222222222222222222200000000000000000000000000000000000000000000000000
000000000000000000000000000000000000000000000000000000000000000000000211111111111111111111122111111111144444111111144444111111111111111111111111111112200002222222222222222222200000000000000000000000000000000000000000000000000
000000000000000000000000000000000000000000000000000000000000000000000211111111111111111111122111111111444444411111444444411111111111111111111111111112200000002222222222222222200000000000000000000000000000000000000000000000000
000000000000000000000000000000000000000000000000000000000000000000000211111111111111111111122111111111444444411111444444411111111111111111111111111112200000002222222222222222000000000000000000000000000000000000000000000000000
000000000000000000000000000000000000000000000000000000000000000000000211111111111111111111122111111111444444411111444444411111111111111111111111111112200000002222222222220000000000000000000000000000000000000000000000000000000
000000000000000000000000000000000000000000000000000000000000000000000211111111111111111111122111111111444444411111444444411111111111111111111111111112200000002222222200000000000000000000000000000000000000000000000000000000000
000000000000000000000000000000000000000000000000000000000000000000000211111111111111111111122111111444441444411444441444411111111111111111111111111112200000000222222000000000000000000000000000000000000000000000000000000000000
000000000000000000000000000000000000000000000000000000000000000000000211111111111111111111122111111111441111111111441111111111111111111111111111111112200000000000000000000000000000000000000000000000000000000000000000000000000
000000000000000000000000000000000000000000000000000000000000000000000211111111111111111111122111114444444444414444444444411111111111111111111111111112200000000000000000000000000000000000000000000000000000000000000000000000000
000000000000000000000000000000000000000000000000000000000000000000000221111111111111111111122111111444444444111444444444111111111111111111111111111122000000000000000000000000000000000000000000000000000000000000000000000000000
000000000000000000000000000000000000000000000000000000000000000000000022111111111111111111222211111111111111111111111111111111111111111111111111111220000000000000000000000000000000000000000000000000000000000000000000000000000
000000000000000000000000000000000000000000000000000000000000000000000002222222222222222222222222222222222222222222222222222222222222222222222222222200000000000000000000000000000000000000000000000000000000000000000000000000000
000000000000000000000000000000000000000000000000000000000000000000000000222222222222222222222222222222222222222222222222222222222222222222222222222000000000000000000000000000000000000000000000000000000000000000000000000000000