000000022222222222222222222222222222000000000000000000000000000000000000000000000000000000
000000222222222222222222222222222222222222222200000000000000000000000000000000333333300000
000002222222222222222222222222222222222222222222000000000000000000000000000003333333333000
000002222222222222222222222222222222222222222222200000000000000000000000000033333333333300
000000222222222222222222222222222222222222222222000000000000000000000000000033333333333330
000000002222222222222222222222222222222222222200000000000000000000000000000333333333333330
000000000002222002222220022222220000022220000000000000000000000000000000000333333333333330
000000000000220002222220002222220000002200000000000000000000000000000000000333333333333330
000000000000220000222200002222200000002200000000000000000000000000000000003333333333333330
000000000000220000022000002222000000002200000000000000000000000000000000003333333333333330
000000000000220000022000002222000000002200000000000000000000000000000000003333333333333330
000000000000220000022000002222000000002200000000000000000000000000000000033333333333333330
000000000000220000022000002222000000002200000000000000000000000000000000033333333333333330
000000000000022000002200000222200000000220000000000000000000000000000000033333333333333330
000000000000022000002200000222200000000220000000000000000000000000000000333333333333333330
000000000000022000002200001222220000000220000000000000000000000000000000333333333333333330
000000000000022000002200011222220000000220000000000000000000000000000000333333333333333330
000000000000022000002200111222220000000220000000000000000000000000000003333333333333333330
000000000000022000002201111222220000000220000000000000000000000000000003333333333333333330
000000011000022022222222222222112200000220000000000000000000000000000003333222222222222220
000000111122222222222222222221111120000220000002200000000002222222222222222222222222222220
000000111122222222222222222221111112000220000002120000000002122222222222222222222222222230
000001111122222222222222222221111111200224444412112000444441122222222222222222222222233330
000001111222222222222222222221111111122244444441111224444444122222222222222222222222233330
003331111444442244444444444422111111111144444441111114444444144444444444444444444444433330
033331111444442244444444444422111111111144444441111114444444144444444444444444444444433300
333331111444442244444444444422111111111144444441111114444444144444444444444444444444433000
033331111222222222222222222222111111144444144441114444414444122222222222222222222222210000
003331111222222222222222222222111111111144111111111114411111122222222222222222222220110000
000001111222222222222222222222111111444444444441144444444444122222222222222222220011110000
000001111222222222222222222222211111144444444411114444444441122222222222222220000001110000
000001111222222222222222222222221111111111111111111111111111222222222222220000000000111100
000001111222222222222222222222222222222222222222222222222222222222222220000000000000011110
000001112222222222222222222222222222222222222222222222222222222222220000000000000000111111
000001122222222222222222222222222222222222222222222222222222222220000000000000000000111111
000000122222222222222222222222222222222222222222222222222222220000000000000000000000011110
000000002222222222222222222222222222222222222222222222222220000000000000000000000000001100
000000000022222222222222222222222222222222222222222220000000000000000000000000000000000000
000000000000000002222222000000000000000000000000000000000000000000000000000000000000000000
000000000000111111222220000000000000000000000000000000000000000000000000000000000000000000
000000000001111111122210000000000000000000000000000000000000000000000000000000000000000000
000000000011111111112111000000000000000000000000000000000000000000000000000000000000000000
000000000011111111111111000000000000000000000000000000000000000000000000000000000000000000
000000000011111111111111000000000000000000000000000000000000000000000000000000000000000000
000000000011111111111111000000000000000000000000000000000000000000000000000000000000000000
000000000011111111111111000000000000000000000000000000000000000000000000000000000000000000
000000000001111111111110000000000000000000000000000000000000000000000000000000000000000000
000000000000111111111100000000000000000000000000000000000000000000000000000000000000000000