000000000000000000000000000000000000000000000000000000000000000000000000000000000000000000000000000000000000000000000000000000000000000000000000000000000000000000000000000000000000000000000000000222222220000000000000000000000
000000000000000000000000000000000000000000000000000000000000000000000000000000000000000000000000000000000000000000000000000000000000000000000000000000000000000000000000000000000000000000000002222222222222222000000000000000000
000000000000000000000000000000000000000000000000000000000000000000000000000000000000000000000000000000000000000000000000000000000000000000000000000000000000000000000000000000000000000000000022222222222222222200000000000000000
000000000000000000000000000000000000000000000000000000000000000000000000000000000000000000000000000000000000000000000000000000000000000000000000000000000000000000000000000000000000000000000222222222222222222220000000000000000
000000000000000000000000000000000000000000000000000000000000000000000000000000000000000000000000000000000000000000000000000000000000000000000000000000000000000000000000000000000000000000002222222222222222222222000000000000000
000000000000000000000000000000000000000000000000000000000000000000000000000000000000000000000000000000000000000000000000000000000000000000000000000000000000000000000000000000000000000000002222222222222222222222000000000000000
000000000000000000000000000000000000000000000000000000000000000000000000000000000000000000000000000000000000000000000000000000000000000000000000000000000000000000000000000000000000000000002222222222222222222223000000000000000
000000000000000000000000000000000000000000000000000000000000000000000000000000000000000000000000000000000000000000000000000000000000000000000000000000000000000000000000000000000000000000022222222222222222222333300000000000000
000000000000000000000000000000000000000000000000000000000000000000000000000000000000000000000000000000000000000000000000000000000000000000000000000000000000000000000000000000000000000000022222222222222222223333300000000000000
000000000000000000000000000000000000000000000000000000000000000000000000000000000000000000000000000000000000000000000000000000000000000000000000000000000000000000000000000000000000000000022222222222222222223333300000000000000
000000000000000000000000000000000000000000000000000000000000000000000000000000000000000000000000000000000000000000000000000000000000000000000000000000000000000000000000000000000000000000222222222222222222233333330000000000000
000000000000000000000000000000000000000000000000000000000000000000000000000000000000000000000000000000000000000000000000000000000000000000000000000000000000000000000000000000000000000000222222222222222222233333330000000000000
000000000000000000000000000000000000000000000000000000000000000000000000000000000000000000000000000000000000000000000000000000000000000000000000000000000000000000000000000000000000000000222222222222222222333333330000000000000
000000000000000000000000000000000000000000000000000000000000000000000000000000000000000000000000000000000000000000000000000000000000000000000000000000000000000000000000000000000000000002222222222222222222333333333000000000000
000000000000000000000000000000000000000000000000000000000000000000000000000000000000000000000000000000000000000000000000000000000000000000000000000000000000000000000000000000000000000002222222222222222222333333333000000000000
000000000000000000000000000000000000000000000000000000000000000000000000000000000000000000000000000000000000000000000000000000000000000000000000000000000000000000000000000000000000000002222222222222222223333333333000000000000
000000000000000000000000000000000000000000000000000000000000000000000000000000000000000000000000000000000000000000000000000000000000000000000000000000000000000000000000000000000000000022222222222222222223333333333300000000000
000000000000000000000000000000000000000000000000000000000000000000000000000000000000000000000000000000000000000000000000000000000000000000000000000000000000000000000000000000000000000022222222222222222233333333333300000000000
000000000000000000000000000000000000000000000000000000000000000000000000000000000000000000000000000000000000000000000000000000000000000000000000000000000000000000000000000000000000000022222222222222222333333333333300000000000
000000000000000000000000000000000000000000000000000000000000000000000000000000000000000000000000000000000000000000000000000000000000000000000000000000000000000000000000000000000000000222222222222222222333333333333330000000000
000000000000000000000000000000000000000000000000000000000000000000000000000000000000000000000000000000000000000000000000000000000000000000000000000000000000000000000000000000000000000222222222222222223333333333333330000000000
000000000000000000000000000000000000000000000000000000000000000000000000000000000000000000000000000000000000000000000000000000000000000000000000000000000000000000000000000000000000000222222222222222233333333333333330000000000
000000000000000000000000000000000000000000000000000000000000000000000000000000000000000000000000000000000000000000000000000000000000000000000000000000000000000000000000000000000000002222222222222222333333333333333333000000000
000000000000000000000000000000000000000000000000000000000000000000000000000000000000000000000000000000000000000000000000000000000000000000000000000000000000000000000000000000000000002222222222222222333333333333333333000000000
000000000000000000000000000000000000000000000000000000000000000000000000000000000000000000000000000000000000000000000000000000000000000000000000000000000000000000000000000000000000002222222222222223333333333333333333000000000
000000000000000000000000000000000000000000000000000000000000000000000000000000000000000000000000000000000000000000000000000000000000000000000000000000000000000000000000000000000000022222222222222223333333333333333333300000000
000000000000000000000000000000000000000000000000000000000000000000000000000000000000000000000000000000000000000000000000000000000000000000000000000000000000000000000000000000000000022222222222222233333333333333333333300000000
000000000000000000000000000000000000000000000000000000000000000000000000000000000000000000000000000000000000000000000000000000000000000000000000000000000000000000000000000000000000022222222222222233333333333333333333300000000
000000000000000000000000000000000000000000000000000000000000000000000000000000000000000000000000000000000000000000000000000000000000000000000000000000000000000000000000000000000000022222222222222233333333333333333333300000000
000000000000000000000000000000000000000000000000000000000000000000000000000000000000000000000000000000000000000000000000000000000000000000000000000000000000000000000000000000000000322222222222222333333333333333333333330000000
000000000000000000000000000000000000000000000000000000000000000000000000000000000000000000000000000000000000000000000000000000000000000000000000000000000000000000000000000000000000332222222222222333333333333333333333330000000
000000000000000000000000000000000000000000000000000000000000000000000000000000000000000000000000000000000000000000000000000000000000000000000000000000000000000000000000000000000000332222222222222333333333333333333333330000000
000000000000000000000000000000000000000000000000000000000000000000000000000000000000000000000000000000000000000000000000000000000000000000000000000000000000000000000000000000000003332222222222222333333333333333333333333000000
000000000000000000000000000000000000000000000000000000000000000000000000000000000000000000000000000000000000000000000000000000000000000000000000000000000000000000000000000000000003333222222222222333333333333333333333333000000
000000000000000000000000000000000000000000000000000000000000000000000000000000000000000000000000000000000000000000000000000000000000000000000000000000000000000000000000000000000003333322222222222333333333333333333333333000000
000000000000000000000000000000000000000000000000000000000000000000000000000000000000000000000000000000000000000000000000000000000000000000000000000000000000000000000000000000000033333322222222222233333333333333333333333300000
000000000000000000000000000000000000000000000000000000000000000000000000000000000000000000000000000000000000000000000000000000000000000000000000000000000000000000000000000000000033333332222222222233333333333333333333333300000
000000000000000000000000000000000000000000000000000000000000000000000000000000000000000000000000000000000000000000000000000000000000000000000000000000000000000000000000000000000033333332222222222233333333333333333333333300000
000000000000000000000000000000000000000000000000000000000000000000000000000000000000000000000000000000000444444444444444444440000000000000000000000000000000000000000000000000000333333333322222222233333333333333333333333320000
000000000000000000000000000000000000000000000000000000000000000000000000000000000000000000000000000000444444444444444444444444440000000000000000000000000000000000000000000000003333333333332222222233333333333333333333322220000
000000000000000000000000000000000000000000000000000000000000000000000000000000000000000000000000000004444444444444444444444444444000000000000000000000000000000000000000000000033333333333332222222233333333333333333333222220000
000000000000000000000000000000000000000000000000000000000000000000000000000000000000000000000000000044444444444444444444444444444400000000000000000000000000000000000000000333333333333333333222222233333333333333333333222222000
000000000000000000000000000000000000000000000000000000000000000000000000000000000000000000000000000444444444444444444444444444444440000000000000000000000000000000000003333333333333333333333222222223333333333333333332222222000
000000000000000000000000000000000000000000000000000000000000000000000000000000000000000000000000004444444444444444444444444444444444000000000000000000000000000000033333333333333333333333333322222223333333333333333332222222000
000000000000000000000000000000000000000000000000000000000000000000000000000000000000000000000000044444444444444444444444444444444444400000000000000000000000000333333333333333333333333333333322222222333333333333333322222222200
000000000000000000000000000000000000000000000000000000000000000000000000000000000000000000000000444444444444444444444444444444444444440000000000000000000003333333333333333333333333333333333332222222333333333333333322222222200
000000000000000000000000000000000000000000000000000000000000000000000000000000000000000000000004444444444444444444444444444444444444444000000000000000033333333333333333333333333333333333333332222222233333333333333222222222200
000000000000000000000000000000000000000000000000000000000000000000000000000222222222222222222244444444444444444444444444444444444444444400000000000333333333333333333333333333333333333333333333222222222333333333322222222222220
000000000000000000000000000000000000000000000000000000000000000000000000022222222222222222222444444444444444444444444444444444444444444440000002222222223333333333333333333333333333333333333222222222222222222222222222222222220
000000000000000000000000000000000000000000000000000000000000000000000002222222222222222222224444444444444444444444444444444444444444444444022222222222222222233333333333333333333333333333332222222222222222222222222222222222220
000000000000000000000000000000000000000000000000000003332222222222222222222222222222222222444444444444444444444444444444444444444444444444442222222222222222222222333333333333333333333333322222222222222222222222222222222222220
000000000000000000000000000000000000000000000000033333332222222222222222222222222222222224444444444444444444444444444444444444444444444444444422222222222222222222222222223333333333333333322222222222222222222222222222222222222
000000000000000000000000000000000000000000000033333333332222222221112222222222222222222244444444444444444444444444444444444444444444444444444444222222222222222222222222222233333333333333332222222222222222222222222222222222220
000000000000000000000000000000000000000000003333333333332222222211112222222222222222222224444444444444444444444444444444444444444444444444444444442222222222222222222222222223333333333333333322222222222222222222222222222222000
000000000000000000000000000000000000000000033333333333322222222111112222222222222222222222224444444444444444444444444444444444444444444444444444444222222222222222222222222223333333333333333333332222222222222222222222222200000
000000000000000000000000000000000000000003311111111111322222222211112222222222222222222222222222222244444444444444444444444444444444444444444444444422222222222222222222222222333333333333333333333222222222222222222222222000000
000000000000000000000000000000000000000033111111111111122222222221112222222222222222222222222222222222222222222222222222222244444444444444444444444222222222222222222222222222333333333333333333333222222222222222222222220000000
000000000000000000000000000000000000000331111111111111122222222222224444222222222244442222222222444422222222224444222222222222224444444444444444222222222222222222222222222222233333333333333333333322222222222222222222200000000
000000000000000000000000000000000000003311111111111111132222222222222244422222222444444222222224444442222222244444422222222444442244444422222222222222222222222222222222222222233333333333333333333322222222222222222222000000000
000000000000000000000000000000000000033111111111111111133222222222222222442222224444444422222244444444222222444444442222224444444433332222222222222222222222222222222222222222233333333333333333333332222222222222222220000000000
000000000000000000000000000000000000331111111111111111133222222222222222222222224444444422222244444444222222444444442222224444443333332222222222222222222222222222222222222222233333333333333333333333222222222222222200000000000
000000000000000000000000000000000003311111111111111111133322222222222222224222244444444442222444444444422224444444444222244433333333332222222222222222222222222222222222222222223333333333333333333333222222222222222000000000000
000000000000000000000000000000000033111111111111111111133332222222222222224444444444444444444444444444444444444444444443333333333333333222222222222222222222222222222222222222223333333333333333333333332222222222220000000000000
000000000000000000000000000000000331111111111111111111133333222222222222224444444444444444444444444444444444444444433333333333333333333322222222222222222222222222222222222222223333333333333333333333333333222222200000000000000
000000000000000000000000000000003311111111111111111111133333222222222222224444444444444444444444444444444444444333333333333333333333333332222222222222222222222222222222222222223333333333333333333333333333332222000000000000000
000000000000000000000000000000033111111111111111111111133333322222222222222444444444444444444444444444444433333333333333333333333333333333322222222222222222222222222222222222223333333333333333333333333333333320000000000000000
000000000000000000000000000000331111111111111111111111133333111111111111222244444444444444444444444444333333333333333333333333333333333333333222222222222222222222222222222222233333333333333333333333333333333300000000000000000
000000000000000000000000000003311111111111111111111111133333132222222221222222444444444444444442222223333333333333333333333333333333333333333322222222222222222222222222222222233333333333333333333333333333333000000000000000000
000000000000000000000000000033111111111111111111111111133333132222222221222222222222222222222222222233333333333333333333333333333333333333333333222222222222222222222222222222333333333333333333333333333333330000000000000000000
000000000000000000000000000333111111111111111111111111133333133222222221222222222222222222222222223333333333333333333333333333333333333333333333332222222222222222222222222222333333333333333333333333333333300000000000000000000
000000000000000000000000003333111111111111111111111111133333133211112221222222222222222222222222233333333333333333333333333333333111133333333333333111122222222222222222222222333333333333333333333333333333000000000000000000000
000000000000000000000000033333111111111111111111111111133333133111111221222222222222222222222233333333333333333333333333333333331111113333333333331111112222222222222222222222333333333333333333333333333330000000000000000000000
000000000000000000000000333333111111111111111111111111133333131111111121222222222222222222223333333333333333333333333333333333311111111333333333311111111222222222222222222223333333333333333333333333333300000000000000000000000
000000000000000000000333333333111111111111111111111111133333131111111121222222222222222222333333333333333333333333333333333333311111111333333333311111111222222222222222222223333333333333333333333333333000000000000000000000000
000000000000000000333333333333111111111111111111111111133333131111111121222222222222222223333333333333333333333333333333333333311111111333333333311111111222222222222222222223333333333333333333333333330000000000000000000000000
000000000000000033333333333333111111111111111111111111133333131111111121222222222222222333333333333333333333333333333333333333311111111333333333311111111222222222222222222223333333333333333333333333300000000000000000000000000
000000000000011113333333333333111111111111111111111111133333133111111221222222222222233333333333333333333333333333333333333333331111113333333333331111112222222222222222222223333333333333333333333333000000000000000000000000000
000000000001111111333333333333111111111111111111111111133333133311112221222222222223333333333333333333333333333333333333333333333111133333333333333111122222222222222222222223333333333333333333333330000000000000000000000000000
000000000111111111133333333333111111111111111111111111133333133333322221222222222233333333333333333333333333333333333333333333333333333333333333333333332222222222222222222223333333333333333333333300000000000000000000000000000
000000001111111111133333333333111111111111111111111111133333111111111111222222223333333333333333333333333333333333333333333333333333333333333333333333332222222222222222222223333333333333333333333000000000000000000000000000000
000000011111111111133333333333311111111111111111111111333333333333332222222222233333333333333333333333333333333333333333333333333333333333333333333333332222222222222222222223333333333333333333330000000000000000000000000000000
000000111111111111133333333333333333333333333333333333333333333333333222222222233333333333333333333333333333333333333333333333333333333333333333333333332222222222222222222223333333333333333333300000000000000000000000000000000
000001111111111111133333333333333333333333333333333333333333333333333222222222333333333333333333333333333333333333333333333333333333333333333333333333332222222222222222222223333333333333333333000000000000000000000000000000000
000011111111111111133333333333333333333333333333333333333333333333333222222222333333333333333333333333333333333333333333333333333333333333333333333333332222222222222222222222333333333333333330000000000000000000000000000000000
000111111111111111133333333333311111111111111111111111111111111111111111111111111111111111111111111111111111111111111111111111111111111111111111111111111111111111111111111111111111111113333300000000000000000000000000000000000
001111111111111111133333333333111111111111111111111111111111111111111111111111111111111111111111111111111111111111111111111111111111111111111111111111111111111111111111111111111111111133333000000000000000000000000000000000000
001111111111111111133333333333111111111111111111111111111111111111111111111111111111111111111111111111111111111111111111111111111111111111111111111111111111111111111111111111111111111333330000000000000000000000000000000000000
011111111111111111133333333333111111111111111111111111111111111111111111111111111111111111111111111111111111111111111111111111111111111111111111111111111111111111111111111111111111113333300000000000000000000000000000000000000
011111111111111111133333333333111111111111111111111111111111111111111111111111111111111111111111111111111111111111111111111111111111111111111111111111111111111111111111111111111111133333000000000000000000000000000000000000000
111111111111111111133333333333111111111111111111111111111111111111111111111111111111111111111111111111111111111111111111111111111111111111111111111111111111111111111111111111111111333330000000000000000000000000000000000000000
111111111111111111133333333333111111111111111111111111111111111111111111111111111111111111111111111111111111111111111111111111111111111111111111111111111111111111111111111111111113333300000000000000000000000000000000000000000
111111111111111111133333333333111111111111111111111111111111111111111111111111111111111111111111111111111111111111111111111111111111111111111111111111111111111111111111111111111133333000000000000000000000000000000000000000000
111111111111111111133333333333111111111111111111111111111111111111111111111111111111111111111111111111111111111111111111111111111111111111111111111111111111111111111111111111111222330000000000000000000000000000000000000000000
111111111111111111133333333333111111111111111111111111111111111111111111111111111111111111111111111111111111111111111111111111111111111111111111111111111111111111111111111111112222200000000000000000000000000000000000000000000
111111111111111111133333333333111111111111111111111111111111111111111111111111111111111111111111111111111111111111111111111111111111111111111111111111111111111111111111111111122222000000000000000000000000000000000000000000000
111111111111111111133333333333111111111111111111111111111111111111111111111111111111111111111111111111111111111111111111111111111111111111111111111111111111111111111111111111222220000000000000000000000000000000000000000000000
111111111111111111133333333333111111111111111111111111111111111111111111111111111111111111111111111111111111111111111111111111111111111111111111111111111111111111111111111112222200000000000000000000000000000000000000000000000
011111111111111111133333333333111111111111111111111111111111111111111111111111111111111111111111111111111111111111111111111111111111111111111111111111111111111111111111111122222000000000000000000000000000000000000000000000000
001111111111111111133333333333111111111111111111111111111111111111111111111111111111111111111111111111111111111111111111111111111111111111111111111111111111111111111111111222220000000000000000000000000000000000000000000000000
001111111111111111144433333333111111111111111111111111111111111111111111111111111111111111111111111111111111111111111111111111111111111111111111111111111111111111111111112244400000000000000000000000000000000000000000000000000
000111111111111111144443333333111111111144444111111144444111111144444111111144444111111111111111111111111111111111111111111111111111111111111111111111111111111111111111122444000000000000000000000000000000000000000000000000000
000011111111111111144444333333111111111444444411111444444411111444444411111444444411111111111111111111111111111111111111111111111111111111111111111111111111111111111111224440000000000000000000000000000000000000000000000000000
000001111111111111144444333333111111111444444411111444444411111444444411111444444411111111111111111111111111111111111111111111111111111111111111111111111111111111111112224400000000000000000000000000000000000000000000000000000
000000111111111111144444433334111111111444444411111444444411111444444411111444444411111111111111111111111111111111111111111111111111111111111111111111111111111111111122244000000000000000000000000000000000000000000000000000000
000000011111111111144444444444111111111444444411111444444411111444444411111444444411111111111111111111111111111111111111111111111111111111111111111111111111111111111444440000000000000000000000000000000000000000000000000000000
000000000111111111144444444444111111444441444411444441444411444441444411444441444411111111111111111111111111111111111111111111111111111111111111111111111111111111114444400000000000000000000000000000000000000000000000000000000
000000000001111111144444444444111111111441111111111441111111111441111111111441111111111111111111111111111111111111111111111111111111111111111111111111111111111111144444000000000000000000000000000000000000000000000000000000000
000000000000011111144444444444111114444444444414444444444414444444444414444444444411111111111111111111111111111111111111111111111111111111111111111111111111111111444440000000000000000000000000000000000000000000000000000000000
000000000000000111144444444444111111444444444111444444444111444444444111444444444111111111111111111111111111111111111111111111111111111111111111111111111111111114444400000000000000000000000000000000000000000000000000000000000
000000000000000000144444444444411111111111111111111111111111111111111111111111111111111111111111111111111111111111111111111111111111111111111111111111111111111144444000000000000000000000000000000000000000000000000000000000000
000000000000000000000044444444444444444444444444444444444444444444444444444444444444444444444444444444444444444444444444444444444444444444444444444444444444444444440000000000000000000000000000000000000000000000000000000000000
000000000000000000000000004444444444444444444444444444444444444444444444444444444444444444444444444444444444444444444444444444444444444444444444444444444444444444400000000000000000000000000000000000000000000000000000000000000