000000000000000000000000000000000000000000000000000000000000000000000000000000000000000000000000000000000000000000000000000000000000000000000000000000000000000000000000000000000000000000000000000000000000000000000000000000000
000000000000000000000000000000000000000000000000000000000000000000000000000000000000000000000000000000000000000000000000000000000000000000000000000000000000000000000000000000000000000000000000000000000000000000333333222222220
000000000000000000000000000000000000000000000000000000000000000000000000000000000000000000000000000000000000000000000000000000000000000000000000000000000000000000000000000000000000000000000000000000000000000033333332222222222
000000000000000000000000000000000000000000000000000000000000000000000000000000000000000000000000000000000000000000000000000000000000000000000000000000000000000000000000000000000000000000000000000000000000000333333322222222222
000000000000000000000000000000000000000000000000000000000000000000000000000000000000000000000000000000000000000000000000000000000000000000000000000000000000000000000000000000000000000000000000000000000000003333333222222222222
000000000000000000000000000000000000000000000000000000000000000000000000000000000000000000000000000000000000000000000000000000000000000000000000000000000000000000000000000000000000000000000000000000000000033333332222222222220
000000000000000000000000000000000000000000000000000000000000000000000000000000000000000000000000000000000000000000000000000000000000000000000000000000000000000000000000000000000000000000000000000000000000333333322222222222220
000000000000000000000000000000000000000000000000000000000000000000000000000000000000000000000000000000000000000000000000000000000000000000000000000000000000000000000000000000000000000000000000000000000003333333222222222222220
000000000000000000000000000000000000000000000000000000000000000000000000000000000000000000000000000000000000000000000000000000000000000000000000000000000000000000000000000000000000000000000000000000000033333332222222222222220
000000000000000000000000000000000000000000000000000000000000000000000000000000000000000000000000000000000000000000000000000000000000000000000000000000000000000000000000000000000000000000000000000000000333333322222222222222200
000000000000000000000000000000000000000000000000000000000000000000000000000000000000000000000000000000000000000000000000000000000000000000000000000000000000000000000000000000000000000000000000000000003333333222222222222222200
000000000000000000000000000000000000000000000000000000000000000000000000000000000000000000000000000000000000000000000000000000000000000000000000000000000000000000000000000000000000000000000000000000033333332222222222222222200
000000000000000000000000000000000000000000000000000000000000000000000000000000000000000000000000000000000000000000000000000000000000000000000000000000000000000000000000000000000000000000000000000000333333322222222222222222200
000000000000000000000000000000000000000000000000003333333333333333300000000000000000000000000000000000000000000000000000000000000000000000000000000000000000000000000000000000000000000000000000000003333333222222222222222222000
000000000000000000000000000000000000000000000333333333333333333333333330000000000000000000000000000000000000000000000000000000000000000000000000000000000000000000000000000000000000000000000000000033333332222222222222222222000
000000000000000000000000000000000000000003333333333333333333333333333333330000000000000000000000000000000000000000000000000000000000000000000000000000000000000000000000000000000000000000000000000333333322222222222222222222000
000000000000000000000000000000000000003333333333333333333333333333333333333333000000000000000000000000000000000000000000000000000000000000000000000000000000000000000000000000000000000000000000003333333222222222222222222222000
000000000000000000000000000000000000333333333333333333333333333333333333333332233333320000000000000000000000000000000000000000000000000000000000000000000000000000000000000000000000000000000000033333332222222222222222222220000
000000000000000000000000000000000033333333333333333333333333333333333333333322333333222222222200000000000000000000000000000000000000000000000000000000000000000000000000000000000000000000000000333333322222222222222222222220000
000000000000000000000000000000000333333333333333333333333333333333333333333223333332222222222222222222000000000000000000000000000000000000000000000000000000000000000000000000000000000000000003333333222222222222222222222220000
000000000000000000000000000000003333333333333333333333333333333333333333332233333322222222222222222222222222222000000000000000000000000000000000000000000000000000000000000000000000000000000033333332222222222222222222222220000
000000000000000000000000000000033333333333333333333333333333333333333333322333333222222222222222222222222222222222222220000000000000000000000000000000000000000000000000000000000000000000000333333322222222222222222222222200000
000000000000000000000000000000331111111111133331111111111111111111111111111111111111111111111111111111111111111112222222222222200000000000000000000000000000000000000000000000000000000000003333333222222222222222222222222200000
000000000000000000000000000003311111111111113311111111111111111111111111111111111111111111111111111111111111111111222222222222222222222000000000000000000000000000000000000000000000000000033333332222222222222222222222222200000
000000000000000000000000000033111111111111113311111111111111111111111111111111111111111111111111111111111111111111222222222222222222222222222222000000000000000000000000000000000000000000333333322222222222222222222222222200000
000000000000000000000000000331111111111111113311111111111111111111111111111111111111111111111111111111111111111111222222222222222222222222222244444222220000000000000000000000000000000003333333222222222222222222222222222000000
000000000000000000000000003311111111111111113311111111111111111111111111111111111111111111111111111111111111111111222222222222222222222222222444444222224444444400000000000000000000000033333332222222222222222222222222222000000
000000000000000000000000033111111111111111113311111111111111111111111111111111111111111111111111111111111111111111222222222222222222222222224444444222224444444444222220000000000000000333333322222222222222222222222222222000000
000000000000000000000000331111111111111111113311111111111111111111111111111111111111111111111111111111111111111111222222222222222222222222244444444222224444444444422222222200000000003333333333322222222222222222222222222000000
000000000000000000000003311111111111111111113311111111111111111111111111111111111111111111111111111111111111111111222222222222222222222222444444444222224444444444442222222222222000033333333333333322222222222222222222220000000
000000000000000000000033111111111111111111113311111111111111111111111111111111111111111111111111111111111111111111222222222222222222222222444444444222224444444444444222222222222233333333333333333333322222222222222222220000000
000000000000000000000331111111111111111111113311111111111111111111111111111111111111111111111111111111111111111111222222222222222222222224444444444222224444444444444222222222222222223333333333333333333322222222222222220000000
000000000000000000003311111111111111111111113311111111111111111111111111111111111111111111111111111111111111111111222222111122222222222224444444444222224444444444444422222222222222222223333333333333333333322222222222220000000
000000000000000000333111111111111111111111113311111111111111111111111111111111111111111111111111111111111111111111222221111112222222222244444444444222224444444444444422222222222222222222223333333333333333333322222222200000000
000000000000000033331111111111111111111111113311111111111111111111111111111111111111111111111111111111111111111111222221111112222222222244444444444222224444444444444442222222222222222222222223333333333333333333322222200000000
000000000000003333311111111111111111111111113311111111111111111111111111111111111111111111111111111111111111111111222221111112222222222244444444444222224444444444444442222222222222222222222222223333333333333333333322200000000
000000000000333333311111111111111111111111113311111111111111111111111111111111111111111111111111111111111111111111222221111112222222222244444444444222224444444444444442222222222222222222222222222223333333333333333333200000000
000000000003333333311111111111111111111111113311111111111111111111111111111111111111111111111111111111111111111111222221111112222222222244444444444222224444444444444442222222222222222222222222222222222333333333333333000000000
000000000033333333311111111111111111111111113311111111111111111111111111111111111111111111111111111111111111111111222221111112222222222244444444444222222444444444444442222222222222222222222222222222222222333333333333000000000
000000000333333333311111111111111111111111113311111111111111111111111111111111111111111111111111111111111111111111222222111122222222222244444444444422222222222222222222222222222222222222222222222222222222222333333333000000000
000000003333333333311111111111111111111111113311111111111111111111111111111111111111111111111111111111111111111111222222222222222222222244444444444422222222222222222222222222222222222222222222222222222222222222333333000000000
000000033333333333311111111111111111111111113311111111111111111111111111111111111111111111111111111111111111111111222222222222222222222244444444444442222222222222222222222222222222222222222222222222222222222222222330000000000
000000333333333333311111111111111111111111113311111111111111111111111111111111111111111111111111111111111111111111222222222222222222222244444444444444222222222222222222222222222222222222222222222222222222222222222222200000000
000003333333333333311111111111111111111111113311111111111111111111111111111111111111111111111111111111111111111111222222222222222222222244444444444444444444444444444442222222222222222222222222222222222222222222222222220000000
000033333333333333311111111111111111111111113311111111111111111111111111111111111111111111111111111111111111111111222222222222222222222224444444444444444444444444444442222222222222222222222222222222222222222222222222221100000
000033333333333333311111111111111111111111113311111111111111111111111111111111111111111111111111111111111111111111222222222222222222222224444444444444444444444444444422222222222222222222222222222222222222222222222222221100000
000333333333333333311111111111111111111111113311111111111111111111111111111111111111111111111111111111111111111111222222222222222222222222444444444444444444444444444422222222222222222222222222222222222222222222222222221100000
000333333333333333331111111111111111111111133331111111111111111111111111111111111111111111111111111111111111111112222222222222222222222222244444444444444444444444444222222222222222222222222222222222222222222222222222221100000
003333333333333333333333333333333333333333333322333333222222222222222222222222222222222222222222222222222222222222222222222222222222222222244444444444444444444444442222222222222222222222222222222222222222222222222222221100000
003333333333333333333333333333333333333333333223333332222222222222222222222222222222222222222222222222222222222222222222222222222222222222224444444444444444444444422222222222222222222222222222222222222222222222222222221100000
003333333333333333333333333333333333333333332233333322222222222222222222222222222222222222222222222222222222222222222222222222222222222222222444444444444444444444222222222222222222222222222222222222222222222222222222221100000
033333333333333333111111111111111111111111111111111111111111111111111111111111111111111111111111111111111111111111111111111111111111111111111111111111111111111111111111222222222222222222222222222222222222222222222222221100000
033333333333333331111111111111111111111111111111111111111111111111111111111111111111111111111111111111111111111111111111111111111111111111111111111111111111111111111111122222222222222222222222222222222222222222222222221100000
033333333333333331111111111111111111111111111111111111111111111111111111111111111111111111111111111111111111111111111111111111111111111111111111111111111111111111111111122222222222222222222222222222222222222222222222221100000
033333333333333331111111111111111111111111111111111111111111111111111111111111111111111111111111111111111111111111111111111111111111111111111111111111111111111111111111122222222222222222222222222222222222222222222222221100000
333333333333333331111111111111111111111111111111111111111111111111111111111111111111111111111111111111111111111111111111111111111111111111111111111111111111111111111111122222222222222222222222222222222222222222222222221100000
333333333333333331111111111111111111111111111111111111111111111111111111111111111111111111111111111111111111111111111111111111111111111111111111111111111111111111111111122222222222222222222222222222222222222222222222221100000
333333333333333331111111111111111111111111111111111111111111111111111111111111111111111111111111111111111111111111111111111111111111111111111111111111111111111111111111122222222222222222222222222222222222222222222222221100000
333333333333333331111111111111111111111111111111111111111111111111111111111111111111111111111111111111111111111111111111111111111111111111111111111111111111111111111111122222222222222222222222222222222222222222222222221100000
333333333333333331111111111111111111111111111111111111111111111111111111111111111111111111111111111111111111111111111111111111111111111111111111111111111111111111111111122222222222222222222222222222222222222222222222221100000
333333333333333331111111111111111111111111111111111111111111111111111111111111111111111111111111111111111111111111111111111111111111111111111111111111111111111111111111122222222222222222222222222222222222222222222222221100000
333333333333333331111111111111111111111111111111111111111111111111111111111111111111111111111111111111111111111111111111111111111111111111111111111111111111111111111111122222211111222222222222222222222222222222222222221100000
333333333333333331111111111111111111111111111111111111111111111111111111111111111111111111111111111111111111111111111111111111111111111111111111111111111111111111111111122222211111122222222222222222222222222222222222220000000
033333333333333331111111111111111111111111111111111111111111111111111111111111111111111111111111111111111111111111111111111111111111111111111111111111111111111111111111133333311111133333333333333333333333333333333333300000000
033333333333333331111111111111111111111111111111111111111111111111111111111111111111111111111111111111111111111111111111111111111111111111111111111111111111111111111111133333311111133333333333333333333333333333333330000000000
033333333333333331111111111111111111111111111111111111111111111111111111111111111111111111111111111111111111111111111111111111111111111111111111111111111111111111111111133333311111133333333333333333333333333333333000000000000
033333333333333331111111111111111111111111111111111111111111111111111111111111111111111111111111111111111111111111111111111111111111111111111111111111111111111111111111122222211111122222222222222222222222222222200000000000000
003333333333333331111111111111111111111111111111111111111111111111111111111111111111111111111111111111111111111111111111111111111111111111111111111111111111111111111111133333311111133333333333333333333333333330000000000000000
003333333333333331111111111111111111111111111111111111111111111111111111111111111111111111111111111111111111111111111111111111111111111111111111111111111111111111111111133333331111333333333333333333333333333000000000000000000
003333333333333331111111111111111111111111111111111111111111111111111111111111111111111111111111111111111111111111111111111111111111111111111111111111111111111111111111133333333333333333333333333333333333300000000000000000000
000333333333333331111111111111111111111111111111111111111111111111111111111111111111111111111111111111111111111111111111111111111111111111111111111111111111111111111111133333333333333333333333333333333330000000000000000000000
000333333333333331111111111111111111111111111111111111111111111111111111111111111111111111111111111111111111111111111111111111111111111111111111111111111111111111111111133333333333333333333333333333333000000000000000000000000
000033333333333331111111111111111111111111111111111111111111111111111111111111111111111111111111111111111111111111111111111111111111111111111111111111111111111111111111133333333333333333333333333333300000000000000000000000000
000033333333333331111111111111111111111111111111111111111111111111111111111111111111111111111111111111111111111111111111111111111111111111111111111111111111111111111111133333333333333333333333333330000000000000000000000000000
000003333333333331111111111111111111111111111111111111111111111111111111111111111111111111111111111111111111111111111111111111111111111111111111111111111111111111111111133333333333333333333333333000000000000000000000000000000
000000333333333331111111111111111111111111111111111111111111111111111111111111111111111111111111111111111111111111111111111111111111111111111111111111111111111111111111133333333333333333333333300000000000000000000000000000000
000000033333333333111111111111111111111111111111111111111111111111111111111111111111111111111111111111111111111111111111111111111111111111111111111111111111111111111111333333333333333333333330000000000000000000000000000000000
000000003333333333333333333333333333333333333333333333333333333333333333333333333333333333333333333333333333333333333333333333333333333333333333333333333333333333333333333333333333333333333000000000000000000000000000000000000
000000000333333333333333333333333333333333333333333333333333333333333333333333333333333333333333333333333333333333333333333333333333333333333333333333333333333333333333333333333333333333300000000000000000000000000000000000000
000000000033333333333333333333333333333333333333333333333333333333333333333333333333333333333333333333333333333333333333333333333333333333333333333333333333333333333333333333333333333330000000000000000000000000000000000000000
000000000003333333333333333333333333333333333333333333333333333333333333333333333333333333333333333333333333333333333333333333333333333333333333333333333333333333333333333333333333333000000000000000000000000000000000000000000
000000000000033333333333333333333333333333333333333333333333333333333333333333333333333333333333333333333333333333333333333333333333333333333333333333333333333333333333333333333333000000000000000000000000000000000000000000000
000000000000003333333333333333333333333333333333333333333333333333333333333333333333333333333333333333333333333333333333333333333333333333333333333333333333333333333333333333000000000000000000000000000000000000000000000000000
000000000000000033333333333333333333333333333333333333333333333333333333333333333333333333333333333333333333333333333333333333333333333333333333333333333333333333333333000000000000000000000000000000000000000000000000000000000
000000000000000000033333333333333333333333333333333333333333333333333333333333333333333333333333333333333333333333333333333333333333333333333333333333333333333333300000000000000000000000000000000000000000000000000000000000000
000000000000000000000333333333333333333333333333333333333333333333333333333333333333333333333333333333333333333333333333333333333333333333333333333333333333300000000000000000000000000000000000000000000000000000000000000000000
000000000000000000000000003333333333333333333333333333333333333333333333333333333333333333333333333333333333333333333333333333333333333333333333333333300000000000000000000000000000000000000000000000000000000000000000000000000
000000000000000000000000000000000000000000000000000000000000000000000000003333333333333333333333333333333333333333333333333333333333333333333330000000000000000000000000000000000000000000000000000000000000000000000000000000000
000000000000000000000000000000000000000000000000000000000000000000000000000000133333333333333333333333333333333333333333333333333333333333333330000000000000000000000000000000000000000000000000000000000000000000000000000000000
000000000000000000000000000000000000000000000000000000000000000000000000000011133333333333333333333333333333333333333333333333333333333333333333000000000000000000000000000000000000000000000000000000000000000000000000000000000
000000000000000000000000000000000000000000000000000000000000000000000000000111113333333333333333333333333333333333333333333333333333333333333333300000000000000000000000000000000000000000000000000000000000000000000000000000000
000000000000000000000000000000000000000000000000000000000000000000000000000111113333333333333333333333333333333333333333333333333333333333333333330000000000000000000000000000000000000000000000000000000000000000000000000000000
000000000000000000000000000000000000000000000000000000000000000000000000000111113333333333333333331333333333333333333333333333333333333333333333333000000000000000000000000000000000000000000000000000000000000000000000000000000
000000000000000000000000000000000000000000000000000000000000000000000000000111113333333333333333331111133333333333333333333333333333333333333333333000000000000000000000000000000000000000000000000000000000000000000000000000000
000000000000000000000000000000000000000000000000000000000000000000000000001111111333333333333333331111133333333333333333333333333333333333333333333000000000000000000000000000000000000000000000000000000000000000000000000000000
000000000000000000000000000000000000000000000000000000000000000000000000001111111333333333333333331111133333333333333333333333333333333333333333300000000000000000000000000000000000000000000000000000000000000000000000000000000
000000000000000000000000000000000000000000000000000000000000000000000000001111111333333333333333311111113333333333333333333333333333333333330000000000000000000000000000000000000000000000000000000000000000000000000000000000000
000000000000000000000000000000000000000000000000000000000000000000000000001111111333333333333333311111113333333333333333333333331000000000000000000000000000000000000000000000000000000000000000000000000000000000000000000000000
000000000000000000000000000000000000000000000000000000000000000000000000001111111333333333333333311111113333333333333333333333331100000000000000000000000000000000000000000000000000000000000000000000000000000000000000000000000
000000000000000000000000000000000000000000000000000000000000000000000000001111111333333333333333311111113333333333333333333333331100000000000000000000000000000000000000000000000000000000000000000000000000000000000000000000000
000000000000000000000000000000000000000000000000000000000000000000000000001111111333333333333333311111113333333333333333333333331100000000000000000000000000000000000000000000000000000000000000000000000000000000000000000000000
000000000000000000000000000000000000000000000000000000000000000000000000001111111333333333333333311111113333333333333333333333331100000000000000000000000000000000000000000000000000000000000000000000000000000000000000000000000
000000000000000000000000000000000000000000000000000000000000000000000000001111111333333333333333311111113333333333333333333333331100000000000000000000000000000000000000000000000000000000000000000000000000000000000000000000000
000000000000000000000000000000000000000000000000000000000000000000000000001111111333333333333333311111113333333333333333333333331100000000000000000000000000000000000000000000000000000000000000000000000000000000000000000000000
000000000000000000000000000000000000000000000000000000000000000000000000001111111333333333333333311111113333333333333333333333331100000000000000000000000000000000000000000000000000000000000000000000000000000000000000000000000
000000000000000000000000000000000000000000000000000000000000000000000000001111111333333333333333311111113333333333333333333333331100000000000000000000000000000000000000000000000000000000000000000000000000000000000000000000000
000000000000000000000000000000000000000000000000000000000000000000000000000111113333333333333333311111113333333333333333333333331100000000000000000000000000000000000000000000000000000000000000000000000000000000000000000000000
000000000000000000000000000000000000000000000000000000000000000000000000000111113333333333333333311111113333333333333333333333331100000000000000000000000000000000000000000000000000000000000000000000000000000000000000000000000
000000000000000000000000000000000000000000000000000000000000000000000000000111113333333333333333331111133333333333333333333333331100000000000000000000000000000000000000000000000000000000000000000000000000000000000000000000000
000000000000000000000000000000000000000000000000000000000000000000000000000111113333333333333333331111133333333333333333333333331100000000000000000000000000000000000000000000000000000000000000000000000000000000000000000000000
000000000000000000000000000000000000000000000000000000000000000000000000000011133333333333333333331111133333333333333333333333331100000000000000000000000000000000000000000000000000000000000000000000000000000000000000000000000
000000000000000000000000000000000000000000000000000000000000000000000000000000333333333333333333331111133333333333333333333333331100000000000000000000000000000000000000000000000000000000000000000000000000000000000000000000000
000000000000000000000000000000000000000000000000000000000000000000000000000000000333333333333333333111333333333333333333333333331000000000000000000000000000000000000000000000000000000000000000000000000000000000000000000000000
000000000000000000000000000000000000000000000000000000000000000000000000000000000000033333333333300000333333333333333333333333330000000000000000000000000000000000000000000000000000000000000000000000000000000000000000000000000
000000000000000000000000000000000000000000000000000000000000000000000000000000000000000000000000000000000333333333333333333330000000000000000000000000000000000000000000000000000000000000000000000000000000000000000000000000000
000000000000000000000000000000000000000000000000000000000000000000000000000000000000000000000000000000000000033333333333300000000000000000000000000000000000000000000000000000000000000000000000000000000000000000000000000000000