000000000000000000000000000000000000000000000000000000000000000000000000000000000000000000000000000000000000000000000000000000000000000000000000000000000000000000000000000000000000000000000000000000000000000000000000000000000
000000000000000000000000000000000000000000000000000000000000000000000000000000000000000000000000000000000000000000000000000000000000000000000000000000000000000000000000000000000000000000000000000000000000000000333333333333330
000000000000000000000000000000000000000000000000000000000000000000000000000000000000000000000000000000000000000000000000000000000000000000000000000000000000000000000000000000000000000000000000000000000000000033333333333333333
000000000000000000000000000000000000000000000000000000000000000000000000000000000000000000000000000000000000000000000000000000000000000000000000000000000000000000000000000000000000000000000000000000000000000333333333333333333
000000000000000000000000000000000000000000000000000000000000000000000000000000000000000000000000000000000000000000000000000000000000000000000000000000000000000000000000000000000000000000000000000000000000003333333333333333333
000000000000000000000000000000000000000000000000000000000000000000000000000000000000000000000000000000000000000000000000000000000000000000000000000000000000000000000000000000000000000000000000000000000000033333333333333333330
000000000000000000000000000000000000000000000000000000000000000000000000000000000000000000000000000000000000000000000000000000000000000000000000000000000000000000000000000000000000000000000000000000000000333333333333333333330
000000000000000000000000000000000000000000000000000000000000000000000000000000000000000000000000000000000000000000000000000000000000000000000000000000000000000000000000000000000000000000000000000000000003333333333333333333330
000000000000000000000000000000000000000000000000000000000000000000000000000000000000000000000000000000000000000000000000000000000000000000000000000000000000000000000000000000000000000000000000000000000033333333333333333333330
000000000000000000000000000000000000000000000000000000000000000000000000000000000000000000000000000000000000000000000000000000000000000000000000000000000000000000000000000000000000000000000000000000000333333333333333333333300
000000000000000000000000000000000000000000000000000000000000000000000000000000000000000000000000000000000000000000000000000000000000000000000000000000000000000000000000000000000000000000000000000000003333333333333333333333300
000000000000000000000000000000000000000000000000000000000000000000000000000000000000000000000000000000000000000000000000000000000000000000000000000000000000000000000000000000000000000000000000000000033333333333333333333333300
000000000000000000000000000000000000000000000000000000000000000000000000000000000000000000000000000000000000000000000000000000000000000000000000000000000000000000000000000000000000000000000000000000333333333333333333333333300
000000000000000000000000000000000000000000000000002222222222222222200000000000000000000000000000000000000000000000000000000000000000000000000000000000000000000000000000000000000000000000000000000003333333333333333333333333000
000000000000000000000000000000000000000000000222222222222222222222222220000000000000000000000000000000000000000000000000000000000000000000000000000000000000000000000000000000000000000000000000000033333222222222232222222222000
000000000000000000000000000000000000000002222222222222222222222222222222220000000000000000000000000000000000000000000000000000000000000000000000000000000000000000000000000000000000000000000000000333332222222222232222222222000
000000000000000000000000000000000000002222222222222222222222222222222222222222000000000000000000000000000000000000000000000000000000000000000000000000000000000000000000000000000000000000000000003333322222222222332222222222000
000000000000000000000000000000000000222222222222222222222222222222222222222222222222220000000000000000000000000000000000000000000000000000000000000000000000000000000000000000000000000000000000033333222222222222322222222220000
000000000000000000000000000000000022222222222222222222222222222222222222222222222222222222222200000000000000000000000000000000000000000000000000000000000000000000000000000000000000000000000000333333322222222222322222222220000
000000000000000000000000000000000222222222222222222222222222222222222222222222222222222222222222222222000000000000000000000000000000000000000000000000000000000000000000000000000000000000000003333333332222222223222222222220000
000000000000000000000000000000002222222222222222222222222222222222222222222222222222222222222222222222222222222000000000000000000000000000000000000000000000000000000000000000000000000000000033333333333222222223222222222220000
000000000000000000000000000000022222222222222222222222222222222222222222222222222222222222222222222222222222222222222220000000000000000000000000000000000000000000000000000000000000000000000333333333333322222233333333333300000
000000000000000000000000000000221111111111122221111111111111111111111111111111111111111111111111111111111111111112222222222222200000000000000000000000000000000000000000000000000000000000003333333333333332222232233333333300000
000000000000000000000000000002211111111111112211111111111111111111111111111111111111111111111111111111111111111111222222222222222222222000000000000000000000000000000000000000000000000000033333333333333333222332223333333300000
000000000000000000000000000022111111111111112211111111111111111111111111111111111111111111111111111111111111111111222222222222222222222222222222000000000000000000000000000000000000000000333333333333333333322322222333333300000
000000000000000000000000000221111111111111112211111111111111111111111111111111111111111111111111111111111111111111222222222222222222222222222222222222220000000000000000000000000000000003333333333333333333332322222233333000000
000000000000000000000000002211111111111111112211111111111111111111111111111111111111111111111111111111111111111111222222222222222222222222222222222222222222222200000000000000000000000033333333333333333333333222222223333000000
000000000000000000000000022111111111111111112211111111111111111111111111111111111111111111111111111111111111111111222222222222222222222222222222222222222222222222222220000000000000000333333333333333333333333322222222333000000
000000000000000000000000221111111111111111112211111111111111111111111111111111111111111111111111111111111111111111222222222222222222222222222222222222222222222222222222222200000000003333333333333333333333333332222222233000000
000000000000000000000002211111111111111111112211111111111111111111111111111111111111111111111111111111111111111111222222222222222222222222222222222222222222222222222222222222222000033333333333333333333333333333222222220000000
000000000000000000000022111111111111111111112211111111111111111111111111111111111111111111111111111111111111111111222222222222222222222222222222222222222222222222222222222222222233333333333333333333333333333333322222220000000
000000000000000000000221111111111111111111112211111111111111111111111111111111111111111111111111111111111111111111222222222222222222222222222222222222222222222222222222222222222222223333333333333333333333333333332222220000000
000000000000000000002211111111111111111111112211111111111111111111111111111111111111111111111111111111111111111111222222111122222222222222222222222222222222222222222222222222222222222223333333333333333333333333333222220000000
000000000000000000222111111111111111111111112211111111111111111111111111111111111111111111111111111111111111111111222221111112222222222222222222222222222222222222222222222222222222222222223333333333333333333333333322200000000
000000000000000022221111111111111111111111112211111111111111111111111111111111111111111111111111111111111111111111222221111112222222222222222222222222222222222222222222222222222222222222222223333333333333333333333332200000000
000000000000002222211111111111111111111111112211111111111111111111111111111111111111111111111111111111111111111111222221111112222222222222222222222222222222222222222222222222222222222222222222223333333333333333333333200000000
000000000000222222211111111111111111111111112211111111111111111111111111111111111111111111111111111111111111111111222221111112222222222222222222222222222222222222222222222222222222222222222222222223333333333333333333300000000
000000000002222222211111111111111111111111112211111111111111111111111111111111111111111111111111111111111111111111222221111112222222222222222222222222222222222222222222222222222222222222222222222222222333333333333333000000000
000000000022222222211111111111111111111111112211111111114111111111114111111111114111111111114111111111114111111111222221111112222222222222222222222222222222222222222222222222222222222222222222222222222222333333333333000000000
000000000222222222211111111111111111111111112211111111141111441111141111441111141111441111141111441111141111441111222222111122222222222222222222222222222222222222222222222222222222222222222222222222222222222333333333000000000
000000002222222222211111111111111111111111112211111111141111441111141111441111141111441111141111441111141111441111222222222222222222222222222222222222222222222222222222222222222222222222222222222222222222222222333333000000000
000000022222222222211111111111111111111111112211111111144444441111144444441111144444441111144444441111144444441111222222222222222222222222222222222222222222222222222222222222222222222222222222222222222222222222222330000000000
000000222222222222211111111111111111111111112211111111144444441111144444441111144444441111144444441111144444441111222222222222222222222222222222222222222222222222222222222222222222333333333333333333333332222222222222200000000
000002222222222222211111111111111111111111112211111144444144441144444144441144444144441144444144441144444144441111222222222222222222222222222222222222222222222222222222222222233333333333333333333333333333333322222222220000000
000032222222222222211111111111111111111111112211111111144111111111144111111111144111111111144111111111144111111111222222222222222222222222222222222222222222222222222222222222333333333333333333333333333333333332222222221100000
000032222222222222211111111111111111111111112211111444444444441444444444441444444444441444444444441444444444441111222222222222222222222222222222222222222222222222222222222222333333333333333333333333333333333333222222221100000
000332222222222222211111111111111111111111112211111144444444411144444444411144444444411144444444411144444444411111222222222222222222222222222222222222222222222222222222222222222333333333333333333333333333333333322222221100000
000332222222222222221111111111111111111111122221111111111111111111111111111111111111111111111111111111111111111112222222222222222222222222222222222222222222222222222222222222222222222333333333333333333333333333332222221100000
003332222222222222222222222222222222222222222222222222222222222222222222222222222222222222222222222222222222222222222222222222222222222222222222222222222222222222222222222222222222222222223333333333333333333333333222221100000
003332222222222222222222222222222222222222222222222222222222222222222222222222222222222222222222222222222222222222222222222222222222222222222222222222222222222222222222222222222222222222222222333333333333333333333222221100000
003332222222222222222222222222222222222222222222222222222222222222222222222222222222222222222222222222222222222222222222222222222222222222222222222222222222222222222222222222222222222222222222222223333333333333332222221100000
033332222222222222111111111111111111111111111111111111111111111111111111111111111111111111111111111111111111111111111111111111111111111111111111111111111111111111111111222222222222222222222222222222222222222222222222221100000
033332222222222221111111111111111111111111111111111111111111111111111111111111111111111111111111111111111111111111111111111111111111111111111111111111111111111111111111122222222222222222222222222222222222222222222222221100000
033332222222222221111111111111111111111111111111111111111111111111111111111111111111111111111111111111111111111111111111111111111111111111111111111111111111111111111111122222222222222222222222222222222222222222222222221100000
033332222222222221111111111111111111111111111111111111111111111111111111111111111111111111111111111111111111111111111111111111111111111111111111111111111111111111111111122222222222222222222222222222222222222222222222221100000
333332222222222221111111111111111111111111111111111111111111111111111111111111111111111111111111111111111111111111111111111111111111111111111111111111111111111111111111122222222222222222222222222222222222222222222222221100000
333332222222222221111111111111111111111111111111111111111111111111111111111111111111111111111111111111111111111111111111111111111111111111111111111111111111111111111111122222222222222222222222222222222222222222222222221100000
333332222222222221111111111111111111111111111111111111111111111111111111111111111111111111111111111111111111111111111111111111111111111111111111111111111111111111111111122222222222222222222222222222222222222222222222221100000
333332222222222221111111111111111111111111111111111111111111111111111111111111111111111111111111111111111111111111111111111111111111111111111111111111111111111111111111122222222222222222222222222222222222222222222222221100000
333332222222222221111111111111111111111111111111111111111111111111111111111111111111111111111111111111111111111111111111111111111111111111111111111111111111111111111111122222222222222222222222222222222222222222222222221100000
333332222222222221111111111111111111111111111111111111111111111111111111111111111111111111111111111111111111111111111111111111111111111111111111111111111111111111111111122222222222222222222222222222222222222222222222221100000
333332222222222221111111111111111111111111111111111111111111111111111111111111111111111111111111111111111111111111111111111111111111111111111111111111111111111111111111122222211111222222222222222222222222222222222222221100000
333332222222222221111111111111111111111111111111111111111111111111111111111111111111111111111111111111111111111111111111111111111111111111111111111111111111111111111111122222211111122222222222222222222222222222222222220000000
033332222222222221111111111111111111111111111111111111111111111111111111111111111111111111111111111111111111111111111111111111111111111111111111111111111111111111111111122222211111122222222222222222222222222222222222200000000
033332222222222221111111111111111111111111111111111111111111111111111111111111111111111111111111111111111111111111111111111111111111111111111111111111111111111111111111122222211111122222222222222222222222222222222220000000000
033332222222222221111111111111111111111111111111111111111111111111111111111111111111111111111111111111111111111111111111111111111111111111111111111111111111111111111111122222211111122222222222222222222222222222222000000000000
033332222222222221111111111111111111111111111111111111111111111111111111111111111111111111111111111111111111111111111111111111111111111111111111111111111111111111111111122222211111122222222222222222222222222222200000000000000
003332222222222221111111111411111111111411111111111411111111111411111111111411111111111411111111111411111111111111111111111111111111111111111111111111111111111111111111122222211111122222222222222222222222222220000000000000000
003332222222222221111111114111144111114111144111114111144111114111144111114111144111114111144111114111144111111111111111111111111111111111111111111111111111111111111111122222221111222222222222222222222222222000000000000000000
003332222222222221111111114111144111114111144111114111144111114111144111114111144111114111144111114111144111111111111111111111111111111111111111111111111111111111111111122222222222222222222222222222222222200000000000000000000
000332222222222221111111114444444111114444444111114444444111114444444111114444444111114444444111114444444111111111111111111111111111111111111111111111111111111111111111122222222222222222222222222222222220000000000000000000000
000332222222222221111111114444444111114444444111114444444111114444444111114444444111114444444111114444444111111111111111111111111111111111111111111111111111111111111111122222222222222222222222222222222000000000000000000000000
000032222222222221111114444414444114444414444114444414444114444414444114444414444114444414444114444414444111111111111111111111111111111111111111111111111111111111111111122222222222222222222222222222200000000000000000000000000
000032222222222221111111114411111111114411111111114411111111114411111111114411111111114411111111114411111111111111111111111111111111111111111111111111111111111111111111122222222222222222222222222220000000000000000000000000000
000002222222222221111144444444444144444444444144444444444144444444444144444444444144444444444144444444444111111111111111111111111111111111111111111111111111111111111111122222222222222222222222222000000000000000000000000000000
000000222222222221111114444444441114444444441114444444441114444444441114444444441114444444441114444444441111111111111111111111111111111111111111111111111111111111111111122222222222222222222222200000000000000000000000000000000
000000022222222222111111111111111111111111111111111111111111111111111111111111111111111111111111111111111111111111111111111111111111111111111111111111111111111111111111222222222222222222222220000000000000000000000000000000000
000000002222222222222222222222222222222222222222222222222222222222222222222222222222222222222222222222222222222222222222222222222222222222222222222222222222222222222222222222222222222222222000000000000000000000000000000000000
000000000222222222222222222222222222222222222222222222222222222222222222222222222222222222222222222222222222222222222222222222222222222222222222222222222222222222222222222222222222222222200000000000000000000000000000000000000
000000000022222222222222222222222222222222222222222222222222222222222222222222222222222222222222222222222222222222222222222222222222222222222222222222222222222222222222222222222222222220000000000000000000000000000000000000000
000000000002222222222222222222222222222222222222222222222222222222222222222222222222222222222222222222222222222222222222222222222222222222222222222222222222222222222222222222222222222000000000000000000000000000000000000000000
000000000000022222222222222222222222222222222222222222222222222222222222222222222222222222222222222222222222222222222222222222222222222222222222222222222222222222222222222222222222000000000000000000000000000000000000000000000
000000000000002222222222222222222222222222222222222222222222222222222222222222222222222222222222222222222222222222222222222222222222222222222222222222222222222222222222222222000000000000000000000000000000000000000000000000000
000000000000000022222222222222222222222222222222222222222222222222222222222222222222222222222222222222222222222222222222222222222222222222222222222222222222222222222222000000000000000000000000000000000000000000000000000000000
000000000000000000022222222222222222222222222222222222222222222222222222222222222222222222222222222222222222222222222222222222222222222222222222222222222222222222200000000000000000000000000000000000000000000000000000000000000
000000000000000000000222222222222222222222222222222222222222222222222222222222222222222222222222222222222222222222222222222222222222222222222222222222222222200000000000000000000000000000000000000000000000000000000000000000000
000000000000000000000000002222222222222222222222222222222222222222222222222222222222222222222222222222222222222222222222222222222222222222222222222222200000000000000000000000000000000000000000000000000000000000000000000000000
000000000000000000000000000000000000000000000000000000000000000000000000002222222222222222222222222222222222222222222222222222222222222222222220000000000000000000000000000000000000000000000000000000000000000000000000000000000
000000000000000000000000000000000000000000000000000000000000000000000000000000122222222222222222222222222222222222222222222222222222222222222220000000000000000000000000000000000000000000000000000000000000000000000000000000000
000000000000000000000000000000000000000000000000000000000000000000000000000011133333322222222222222222222222222222222222222222222222222222222222000000000000000000000000000000000000000000000000000000000000000000000000000000000
000000000000000000000000000000000000000000000000000000000000000000000000000111113333333333222222222222222222222222222222222222222222222222222222200000000000000000000000000000000000000000000000000000000000000000000000000000000
000000000000000000000000000000000000000000000000000000000000000000000000000111113333333333333332222222222222222222222222222222222222222222222222220000000000000000000000000000000000000000000000000000000000000000000000000000000
000000000000000000000000000000000000000000000000000000000000000000000000000111113333333333333333331222222222222222222222222222222222222222222222222000000000000000000000000000000000000000000000000000000000000000000000000000000
000000000000000000000000000000000000000000000000000000000000000000000000000111113333333333333333331111132222222222222222222222222222222222222222222000000000000000000000000000000000000000000000000000000000000000000000000000000
000000000000000000000000000000000000000000000000000000000000000000000000001111111333333333333333331111133333222222222222222222222222222222222222222000000000000000000000000000000000000000000000000000000000000000000000000000000
000000000000000000000000000000000000000000000000000000000000000000000000001111111333333333333333331111133333333332222222222222222222222222222222200000000000000000000000000000000000000000000000000000000000000000000000000000000
000000000000000000000000000000000000000000000000000000000000000000000000001111111333333333333333311111113333333333333322222222222222222222220000000000000000000000000000000000000000000000000000000000000000000000000000000000000
000000000000000000000000000000000000000000000000000000000000000000000000001111111333333333333333311111113333333333333333333333331000000000000000000000000000000000000000000000000000000000000000000000000000000000000000000000000
000000000000000000000000000000000000000000000000000000000000000000000000001111111333333333333333311111113333333333333333333333331100000000000000000000000000000000000000000000000000000000000000000000000000000000000000000000000
000000000000000000000000000000000000000000000000000000000000000000000000001111111333333333333333311111113333333333333333333333331100000000000000000000000000000000000000000000000000000000000000000000000000000000000000000000000
000000000000000000000000000000000000000000000000000000000000000000000000001111111333333333333333311111113333333333333333333333331100000000000000000000000000000000000000000000000000000000000000000000000000000000000000000000000
000000000000000000000000000000000000000000000000000000000000000000000000001111111333333333333333311111113333333333333333333333331100000000000000000000000000000000000000000000000000000000000000000000000000000000000000000000000
000000000000000000000000000000000000000000000000000000000000000000000000001111111333333333333333311111113333333333333333333333331100000000000000000000000000000000000000000000000000000000000000000000000000000000000000000000000
000000000000000000000000000000000000000000000000000000000000000000000000001111111333333333333333311111113333333333333333333333331100000000000000000000000000000000000000000000000000000000000000000000000000000000000000000000000
000000000000000000000000000000000000000000000000000000000000000000000000001111111333333333333333311111113333333333333333333333331100000000000000000000000000000000000000000000000000000000000000000000000000000000000000000000000
000000000000000000000000000000000000000000000000000000000000000000000000001111111333333333333333311111113333333333333333333333331100000000000000000000000000000000000000000000000000000000000000000000000000000000000000000000000
000000000000000000000000000000000000000000000000000000000000000000000000000111113333333333333333311111113333333333333333333333331100000000000000000000000000000000000000000000000000000000000000000000000000000000000000000000000
000000000000000000000000000000000000000000000000000000000000000000000000000111113333333333333333311111113333333333333333333333331100000000000000000000000000000000000000000000000000000000000000000000000000000000000000000000000
000000000000000000000000000000000000000000000000000000000000000000000000000111113333333333333333331111133333333333333333333333331100000000000000000000000000000000000000000000000000000000000000000000000000000000000000000000000
000000000000000000000000000000000000000000000000000000000000000000000000000111113333333333333333331111133333333333333333333333331100000000000000000000000000000000000000000000000000000000000000000000000000000000000000000000000
000000000000000000000000000000000000000000000000000000000000000000000000000011133333333333333333331111133333333333333333333333331100000000000000000000000000000000000000000000000000000000000000000000000000000000000000000000000
000000000000000000000000000000000000000000000000000000000000000000000000000000333333333333333333331111133333333333333333333333331100000000000000000000000000000000000000000000000000000000000000000000000000000000000000000000000
000000000000000000000000000000000000000000000000000000000000000000000000000000000333333333333333333111333333333333333333333333331000000000000000000000000000000000000000000000000000000000000000000000000000000000000000000000000
000000000000000000000000000000000000000000000000000000000000000000000000000000000000033333333333300000333333333333333333333333330000000000000000000000000000000000000000000000000000000000000000000000000000000000000000000000000
000000000000000000000000000000000000000000000000000000000000000000000000000000000000000000000000000000000333333333333333333330000000000000000000000000000000000000000000000000000000000000000000000000000000000000000000000000000
000000000000000000000000000000000000000000000000000000000000000000000000000000000000000000000000000000000000033333333333300000000000000000000000000000000000000000000000000000000000000000000000000000000000000000000000000000000