000000000000000000000000000000000000000000000000000000000000000000000000000000000000000000000000000000000000000000000000000000000000000000000000000000000000000000000000000000000000000000000000000000000000000000000000000000000
000000000000000000000000000000000000000000000000000000000000000000000000000000000000000000000000000000000000000000000000000000000000000000000000000000000000000000000000000000000000000000000000000000000000000000222222222222220
000000000000000000000000000000000000000000000000000000000000000000000000000000000000000000000000000000000000000000000000000000000000000000000000000000000000000000000000000000000000000000000000000000000000000022222222222222222
000000000000000000000000000000000000000000000000000000000000000000000000000000000000000000000000000000000000000000000000000000000000000000000000000000000000000000000000000000000000000000000000000000000000000222222222222222222
000000000000000000000000000000000000000000000000000000000000000000000000000000000000000000000000000000000000000000000000000000000000000000000000000000000000000000000000000000000000000000000000000000000000002222222222222222222
000000000000000000000000000000000000000000000000000000000000000000000000000000000000000000000000000000000000000000000000000000000000000000000000000000000000000000000000000000000000000000000000000000000000022222222222222222220
000000000000000000000000000000000000000000000000000000000000000000000000000000000000000000000000000000000000000000000000000000000000000000000000000000000000000000000000000000000000000000000000000000000000222222222222222222220
000000000000000000000000000000000000000000000000000000000000000000000000000000000000000000000000000000000000000000000000000000000000000000000000000000000000000000000000000000000000000000000000000000000002222222222222222222220
000000000000000000000000000000000000000000000000000000000000000000000000000000000000000000000000000000000000000000000000000000000000000000000000000000000000000000000000000000000000000000000000000000000022222222222222222222220
000000000000000000000000000000000000000000000000000000000000000000000000000000000000000000000000000000000000000000000000000000000000000000000000000000000000000000000000000000000000000000000000000000000223333333333333322222200
000000000000000000000000000000000000000000000000000000000000000000000000000000000000000000000000000000000000000000000000000000000000000000000000000000000000000000000000000000000000000000000000000000003333333333333333333333200
000000000000000000000000000000000000000000000000000000000000000000000000000000000000000000000000000000000000000000000000000000000000000000000000000000000000000000000000000000000000000000000000000000033333333333333333333333300
000000000000000000000000000000000000000000000000000000000000000000000000000000000000000000000000000000000000000000000000000000000000000000000000000000000000000000000000000000000000000000000000000000333333333333333333333333300
000000000000000000000000000000000000000000000000002222222222222222200000000000000000000000000000000000000000000000000000000000000000000000000000000000000000000000000000000000000000000000000000000003333333322222222223333333000
000000000000000000000000000000000000000000000222222222222222222222222220000000000000000000000000000000000000000000000000000000000000000000000000000000000000000000000000000000000000000000000000000033332222222222222222222233000
000000000000000000000000000000000000000002222222222222222222222222222222220000000000000000000000000000000000000000000000000000000000000000000000000000000000000000000000000000000000000000000000000332222222222222222222222222000
000000000000000000000000000000000000002222222222222222222222222222222222222222000000000000000000000000000000000000000000000000000000000000000000000000000000000000000000000000000000000000000000003222222222222222222222222222000
000000000000000000000000000000000000222222222222222222222222222222222222222222222222220000000000000000000000000000000000000000000000000000000000000000000000000000000000000000000000000000000000022222222222222222222222222220000
000000000000000000000000000000000022222222222222222222222222222222222222222222222222222222222200000000000000000000000000000000000000000000000000000000000000000000000000000000000000000000000000222222222222222222222222222220000
000000000000000000000000000000000222222222222222222222222222222222222222222222222222222222222222222222000000000000000000000000000000000000000000000000000000000000000000000000000000000000000003222222222222222222222222222220000
000000000000000000000000000000002222222222222222222222222222222222222222222222222222222222222222222222222222222000000000000000000000000000000000000000000000000000000000000000000000000000000033222222222222222222222222222220000
000000000000000000000000000000022222222222222222222222222222222222222222222222222222222222222222222222222222222222222220000000000000000000000000000000000000000000000000000000000000000000000333222222222222222222222222222200000
000000000000000000000000000000221111111111122221111111111111111111111111111111111111111111111111111111111111111112222222222222200000000000000000000000000000000000000000000000000000000000003333322222222222222222222222222200000
000000000000000000000000000002211111111111112211111111111111111111111111111111111111111111111111111111111111111111222222222222222222222000000000000000000000000000000000000000000000000000023333333222222222222222222222222200000
000000000000000000000000000022111111111111112211111111111111111111111111111111111111111111111111111111111111111111222222222222222222222222222222000000000000000000000000000000000000000000222333333332222222222222222222222200000
000000000000000000000000000221111111111111112211111111111111111111111111111111111111111111111111111111111111111111222222222222222222222222222222222222220000000000000000000000000000000002222233333333332222222222222222222000000
000000000000000000000000002211111111111111112211111111111111111111111111111111111111111111111111111111111111111111222222222222222222222222222222222222222222222200000000000000000000000022222223333333333333322222222223333000000
000000000000000000000000022111111111111111112211111111111111111111111111111111111111111111111111111111111111111111222222222222222222222222222222222222222222222222222220000000000000000222222222233333333333333333333333333000000
000000000000000000000000221111111111111111112211111111111111111111111111111111111111111111111111111111111111111111222222222222222222222222222222222222222222222222222222222200000000002222222222222333333333333333333333333000000
000000000000000000000002211111111111111111112211111111111111111111111111111111111111111111111111111111111111111111222222222222222222222222222222222222222222222222222222222222222000022222222222222222333333333333333333330000000
000000000000000000000022111111111111111111112211111111111111111111111111111111111111111111111111111111111111111111222222222222222222222222222222222222222222222222222222222222222222222222222222222222222223333333333333320000000
000000000000000000000221111111111111111111112211111111111111111111111111111111111111111111111111111111111111111111222222222222222222222222222222222222222222222222222222222222222222222222222222222222222222222222222222220000000
000000000000000000002211111111111111111111112211111111111111111111111111111111111111111111111111111111111111111111222222111122222222222222222222222222222222222222222222222222222222222222222222222222222222222222222222220000000
000000000000000000222111111111111111111111112211111111111111111111111111111111111111111111111111111111111111111111222221111112222222222222222222222222222222222222222222222222222222222222222222222222222222222222222222200000000
000000000000000022221111111111111111111111112211111111111111111111111111111111111111111111111111111111111111111111222221111112222222222222222222222222222222222222222222222222222222222222222222222222222222222222222222200000000
000000000000002222211111111111111111111111112211111111111111111111111111111111111111111111111111111111111111111111222221111112222222222222222222222222222222222222222222222222222222222222222222222222222222222222222222200000000
000000000000222222211111111111111111111111112211111111111111111111111111111111111111111111111111111111111111111111222221111112222222222222222222222222222222222222222222222222222222222222222222222222222222222222222222200000000
000000000002222222211111111111111111111111112211111111111111111111111111111111111111111111111111111111111111111111222221111112222222222222222222222222222222222222222222222222222222222222222222222222222222222222222222000000000
000000000022222222211111111111111111111111112211111111114111111111114111111111114111111111114111111111114111111111222221111112222222222222222222222222222222222222222222222222222222222222222222222222222222222222222222000000000
000000000222222222211111111111111111111111112211111111141111441111141111441111141111441111141111441111141111441111222222111122222222222222222222222222222222222222222222222222222222222222222222222222222222222222222222000000000
000000002222222222211111111111111111111111112211111111141111441111141111441111141111441111141111441111141111441111222222222222222222222222222222222222222222222222222222222222222222222222222222222222222222222222222222000000000
000000022222222222211111111111111111111111112211111111144444441111144444441111144444441111144444441111144444441111222222222222222222222222222222222222222222222222222222222222222222222222222222222222222222222222222220000000000
000000222222222222211111111111111111111111112211111111144444441111144444441111144444441111144444441111144444441111222222222222222222222222222222222222222222222222222222222222222222222222222222222222222222222222222222200000000
000002222222222222211111111111111111111111112211111144444144441144444144441144444144441144444144441144444144441111222222222222222222222222222222222222222222222222222222222222222222222222222222222222222222222222222222220000000
000022222222222222211111111111111111111111112211111111144111111111144111111111144111111111144111111111144111111111222222222222222222222222222222222222222222222222222222222222222222222222222222222222222222222222222222221100000
000022222222222222211111111111111111111111112211111444444444441444444444441444444444441444444444441444444444441111222222222222222222222222222222222222222222222222222222222222222222222222222222222222222222222222222222221100000
000222222222222222211111111111111111111111112211111144444444411144444444411144444444411144444444411144444444411111222222222222222222222222222222222222222222222222222222222222222222222222222222222222222222222222222222221100000
000222222222222222221111111111111111111111122221111111111111111111111111111111111111111111111111111111111111111112222222222222222222222222222222222222222222222222222222222222222222222222222222222222222222222222222222221100000
002222222222222222222222222222222222222222222222222222222222222222222222222222222222222222222222222222222222222222222222222222222222222222222222222222222222222222222222222222222222222222222222222222222222222222222222221100000
002222222222222222222222222222222222222222222222222222222222222222222222222222222222222222222222222222222222222222222222222222222222222222222222222222222222222222222222222222222222222222222222222222222222222222222222221100000
002222222222222222222222222222222222222222222222222222222222222222222222222222222222222222222222222222222222222222222222222222222222222222222222222222222222222222222222222222222222222222222222222222222222222222222222221100000
022222222222222222111111111111111111111111111111111111111111111111111111111111111111111111111111111111111111111111111111111111111111111111111111111111111111111111111111222222222222222222222222222222222222222222222222221100000
022222222222222221111111111111111111111111111111111111111111111111111111111111111111111111111111111111111111111111111111111111111111111111111111111111111111111111111111122222222222222222222222222222222222222222222222221100000
022222222222222221111111111111111111111111111111111111111111111111111111111111111111111111111111111111111111111111111111111111111111111111111111111111111111111111111111122222222222222222222222222222222222222222222222221100000
022222222222222221111111111111111111111111111111111111111111111111111111111111111111111111111111111111111111111111111111111111111111111111111111111111111111111111111111122222222222222222222222222222222222222222222222221100000
222222222222222221111111111111111111111111111111111111111111111111111111111111111111111111111111111111111111111111111111111111111111111111111111111111111111111111111111122222222222222222222222222222222222222222222222221100000
222222222222222221111111111111111111111111111111111111111111111111111111111111111111111111111111111111111111111111111111111111111111111111111111111111111111111111111111122222222222222222222222222222222222222222222222221100000
222222222222222221111111111111111111111111111111111111111111111111111111111111111111111111111111111111111111111111111111111111111111111111111111111111111111111111111111122222222222222222222222222222222222222222222222221100000
222222222222222221111111111111111111111111111111111111111111111111111111111111111111111111111111111111111111111111111111111111111111111111111111111111111111111111111111122222222222222222222222222222222222222222222222221100000
222222222222222221111111111111111111111111111111111111111111111111111111111111111111111111111111111111111111111111111111111111111111111111111111111111111111111111111111122222222222222222222222222222222222222222222222221100000
222222222222222221111111111111111111111111111111111111111111111111111111111111111111111111111111111111111111111111111111111111111111111111111111111111111111111111111111122222222222222222222222222222222222222222222222221100000
222222222222222221111111111111111111111111111111111111111111111111111111111111111111111111111111111111111111111111111111111111111111111111111111111111111111111111111111122222211111222222222222222222222222222222222222221100000
222222222222222221111111111111111111111111111111111111111111111111111111111111111111111111111111111111111111111111111111111111111111111111111111111111111111111111111111122222211111122222222222222222222222222222222222220000000
022222222222222221111111111111111111111111111111111111111111111111111111111111111111111111111111111111111111111111111111111111111111111111111111111111111111111111111111122222211111122222222222222222222222222222222222200000000
022222222222222221111111111111111111111111111111111111111111111111111111111111111111111111111111111111111111111111111111111111111111111111111111111111111111111111111111122222211111122222222222222222222222222222222220000000000
022222222222222221111111111111111111111111111111111111111111111111111111111111111111111111111111111111111111111111111111111111111111111111111111111111111111111111111111122222211111122222222222222222222222222222222000000000000
022222222222222221111111111111111111111111111111111111111111111111111111111111111111111111111111111111111111111111111111111111111111111111111111111111111111111111111111122222211111122222222222222222222222222222200000000000000
002222222222222221111111111411111111111411111111111411111111111411111111111411111111111411111111111411111111111411111111111411111111111411111111111411111111111411111111122222211111122222222222222222222222222220000000000000000
003333333333333331111111114111144111114111144111114111144111114111144111114111144111114111144111114111144111114111144111114111144111114111144111114111144111114111144111133333331111333333333333333333333333333000000000000000000
003333333333333331111111114111144111114111144111114111144111114111144111114111144111114111144111114111144111114111144111114111144111114111144111114111144111114111144111133333333333333333333333333333333333300000000000000000000
000333333333333331111111114444444111114444444111114444444111114444444111114444444111114444444111114444444111114444444111114444444111114444444111114444444111114444444111133333333333333333333333333333333330000000000000000000000
000333333333333331111111114444444111114444444111114444444111114444444111114444444111114444444111114444444111114444444111114444444111114444444111114444444111114444444111133333333333333333333333333333333000000000000000000000000
000044444444444441111114444414444114444414444114444414444114444414444114444414444114444414444114444414444114444414444114444414444114444414444114444414444114444414444111144444444444444444444444444444400000000000000000000000000
000044444444444441111111114411111111114411111111114411111111114411111111114411111111114411111111114411111111114411111111114411111111114411111111114411111111114411111111144444444444444444444444444440000000000000000000000000000
000004444444444441111144444444444144444444444144444444444144444444444144444444444144444444444144444444444144444444444144444444444144444444444144444444444144444444444111144444444444444444444444444000000000000000000000000000000
000000444444444441111114444444441114444444441114444444441114444444441114444444441114444444441114444444441114444444441114444444441114444444441114444444441114444444441111144444444444444444444444400000000000000000000000000000000
000000044444444444111111111111111111111111111111111111111111111111111111111111111111111111111111111111111111111111111111111111111111111111111111111111111111111111111111444444444444444444444440000000000000000000000000000000000
000000004444444444444444444444444444444444444444444444444444444444444444444444444444444444444444444444444444444444444444444444444444444444444444444444444444444444444444444444444444444444444000000000000000000000000000000000000
000000000444444444444444444444444444444444444444444444444444444444444444444444444444444444444444444444444444444444444444444444444444444444444444444444444444444444444444444444444444444444400000000000000000000000000000000000000
000000000044444444444444444444444444444444444444444444444444444444444444444444444444444444444444444444444444444444444444444444444444444444444444444444444444444444444444444444444444444440000000000000000000000000000000000000000
000000000004444444444444444444444444444444444444444444444444444444444444444444444444444444444444444444444444444444444444444444444444444444444444444444444444444444444444444444444444444000000000000000000000000000000000000000000
000000000000044444444444444444444444444444444444444444444444444444444444444444444444444444444444444444444444444444444444444444444444444444444444444444444444444444444444444444444444000000000000000000000000000000000000000000000
000000000000004444444444444444444444444444444444444444444444444444444444444444444444444444444444444444444444444444444444444444444444444444444444444444444444444444444444444444000000000000000000000000000000000000000000000000000
000000000000000044444444444444444444444444444444444444444444444444444444444444444444444444444444444444444444444444444444444444444444444444444444444444444444444444444444000000000000000000000000000000000000000000000000000000000
000000000000000000044444444444444444444444444444444444444444444444444444444444444444444444444444444444444444444444444444444444444444444444444444444444444444444444400000000000000000000000000000000000000000000000000000000000000
000000000000000000000444444444444444444444444444444444444444444444444444444444444444444444444444444444444444444444444444444444444444444444444444444444444444400000000000000000000000000000000000000000000000000000000000000000000
000000000000000000000000004444444444444444444444444444444444444444444444444444444444444444444444444444444444444444444444444444444444444444444444444444400000000000000000000000000000000000000000000000000000000000000000000000000
000000000000000000000000000000000000000000000000000000000000000000000000004444444444444444444444444444444444444444444444444444444444444444444440000000000000000000000000000000000000000000000000000000000000000000000000000000000
000000000000000000000000000000000000000000000000000000000000000000000000000000144444444444444444444444444444444444444444444444444444444444444440000000000000000000000000000000000000000000000000000000000000000000000000000000000
000000000000000000000000000000000000000000000000000000000000000000000000000011144444444444444444444444444444444444444444444444444444444444444444000000000000000000000000000000000000000000000000000000000000000000000000000000000
000000000000000000000000000000000000000000000000000000000000000000000000000111114444444444444444444444444444444444444444444444444444444444444444400000000000000000000000000000000000000000000000000000000000000000000000000000000
000000000000000000000000000000000000000000000000000000000000000000000000000111114444444444444444444444444444444444444444444444444444444444444444440000000000000000000000000000000000000000000000000000000000000000000000000000000
000000000000000000000000000000000000000000000000000000000000000000000000000111114444444444444444441444444444444444444444444444444444444444444444444000000000000000000000000000000000000000000000000000000000000000000000000000000
000000000000000000000000000000000000000000000000000000000000000000000000000111114444444444444444441111144444444444444444444444444444444444444444444000000000000000000000000000000000000000000000000000000000000000000000000000000
000000000000000000000000000000000000000000000000000000000000000000000000001111111444444444444444441111144444444444444444444444444444444444444444444000000000000000000000000000000000000000000000000000000000000000000000000000000
000000000000000000000000000000000000000000000000000000000000000000000000001111111444444444444444441111144444444444444444444444444444444444444444400000000000000000000000000000000000000000000000000000000000000000000000000000000
000000000000000000000000000000000000000000000000000000000000000000000000001111111444444444444444411111114444444444444444444444444444444444440000000000000000000000000000000000000000000000000000000000000000000000000000000000000
000000000000000000000000000000000000000000000000000000000000000000000000001111111444444444444444411111114444444444444444444444441000000000000000000000000000000000000000000000000000000000000000000000000000000000000000000000000
000000000000000000000000000000000000000000000000000000000000000000000000001111111444444444444444411111114444444444444444444444441100000000000000000000000000000000000000000000000000000000000000000000000000000000000000000000000
000000000000000000000000000000000000000000000000000000000000000000000000001111111444444444444444411111114444444444444444444444441100000000000000000000000000000000000000000000000000000000000000000000000000000000000000000000000
000000000000000000000000000000000000000000000000000000000000000000000000001111111444444444444444411111114444444444444444444444441100000000000000000000000000000000000000000000000000000000000000000000000000000000000000000000000
000000000000000000000000000000000000000000000000000000000000000000000000001111111444444444444444411111114444444444444444444444441100000000000000000000000000000000000000000000000000000000000000000000000000000000000000000000000
000000000000000000000000000000000000000000000000000000000000000000000000001111111444444444444444411111114444444444444444444444441100000000000000000000000000000000000000000000000000000000000000000000000000000000000000000000000
000000000000000000000000000000000000000000000000000000000000000000000000001111111444444444444444411111114444444444444444444444441100000000000000000000000000000000000000000000000000000000000000000000000000000000000000000000000
000000000000000000000000000000000000000000000000000000000000000000000000001111111444444444444444411111114444444444444444444444441100000000000000000000000000000000000000000000000000000000000000000000000000000000000000000000000
000000000000000000000000000000000000000000000000000000000000000000000000001111111444444444444444411111114444444444444444444444441100000000000000000000000000000000000000000000000000000000000000000000000000000000000000000000000
000000000000000000000000000000000000000000000000000000000000000000000000000111114444444444444444411111114444444444444444444444441100000000000000000000000000000000000000000000000000000000000000000000000000000000000000000000000
000000000000000000000000000000000000000000000000000000000000000000000000000111114444444444444444411111114444444444444444444444441100000000000000000000000000000000000000000000000000000000000000000000000000000000000000000000000
000000000000000000000000000000000000000000000000000000000000000000000000000111114444444444444444441111144444444444444444444444441100000000000000000000000000000000000000000000000000000000000000000000000000000000000000000000000
000000000000000000000000000000000000000000000000000000000000000000000000000111114444444444444444441111144444444444444444444444441100000000000000000000000000000000000000000000000000000000000000000000000000000000000000000000000
000000000000000000000000000000000000000000000000000000000000000000000000000011144444444444444444441111144444444444444444444444441100000000000000000000000000000000000000000000000000000000000000000000000000000000000000000000000
000000000000000000000000000000000000000000000000000000000000000000000000000000444444444444444444441111144444444444444444444444441100000000000000000000000000000000000000000000000000000000000000000000000000000000000000000000000
000000000000000000000000000000000000000000000000000000000000000000000000000000000444444444444444444111444444444444444444444444441000000000000000000000000000000000000000000000000000000000000000000000000000000000000000000000000
000000000000000000000000000000000000000000000000000000000000000000000000000000000000044444444444400000444444444444444444444444440000000000000000000000000000000000000000000000000000000000000000000000000000000000000000000000000
000000000000000000000000000000000000000000000000000000000000000000000000000000000000000000000000000000000444444444444444444440000000000000000000000000000000000000000000000000000000000000000000000000000000000000000000000000000
000000000000000000000000000000000000000000000000000000000000000000000000000000000000000000000000000000000000044444444444400000000000000000000000000000000000000000000000000000000000000000000000000000000000000000000000000000000