000000000000000000000000000000000000000000000000000000000000000000000000000000000000000000000000000000000000000000000000000000000000000000000000000000000000000000000000000000000000000000004444444444444222444000000000000000000
000000000000000000000000000000000000000000000000000000000000000000000000000000000000000000000000000000000000000000000000000000000000000000000000000000000000000000000000000000000000000000044444444444442224444000000000000000000
000000000000000000000000000000000000000000000000000000000000000000000000000000000000000000000000000000000000000000000000000000000000000000000000000000000000000000000000000000000000000000444444444444422244444000000000000000000
000000000000000000000000000000000000000000000000000000000000000000000000000000000000000000000000000000000000000000000000000000000000000000000000000000000000000000000000000000000000000004444444444444222444444000000000000000000
000000000000000000000000000000000000000000000000000000000000000000000000000000000000000000000000000000000000000000000000000000000000000000000000000000000000000000000000000000000000000044444444444442224444442000000000000000000
000000000000000000000000000000000000000000000000000000000000000000000000000000000000000000000000000000000000000000000000000000000000000000000000000000000000000000000000000000000000000444444444444422244444422000000000000000000
000000000000000000000000000000000000000000000000000000000000000000000000000000000000000000000000000000000000000000000000000000000000000000000000000000000000000000000000000000000000004444444444444222444444222200000000000000000
000000000000000000000000000000000000000000000000000000000000000000000000000000000000000000000000000000000000000000000000000000000000000000000000000000000000000000000000000000000000044444444444442224444442222300000000000000000
000000000000000000000000000000000000000000000000000000000000000000000000000000000000000000000000000000000000000000000000000000000000000000000000000000000000000000000000000000000000444444444444422244444422223300000000000000000
000000000000000000000000000000000000000000000000000000000000000000000000000000000000000000000000000000000000000000000000000000000000000000000000000000000000000000000000000000000004444444444444222444444222233300000000000000000
000000000000000000000000000000000000000000000000000000000000000000000000000000000000000000000000000000000000000000000000000000000000000000000000000000000000000000000000000000000044444444444442224444442222333300000000000000000
000000000000000000000000000000000000000000000000000000000000000000000000000000000000000000000000000000000000000000000000000000000000000000000000000000000000000000000000000000000444444444444422244444422223333300000000000000000
000000000000000000000000000000000000000000000000000000000000000000000000000000000000000000000000000000000000000000000000000000000000000000000000000000000000000000000000000000004444444444444222444444222233333330000000000000000
000000000000000000000000000000000000000000000000000000000000000000000000000000000000000000000000000000000000000000000000000000000000000000000000000000000000000000000000000000044444444444442224444442222333333330000000000000000
000000000000000000000000000000000000000000000000000000000000000000000000000000000000000000000000000000000000000000000000000000000000000000000000000000000000000000000000000002444444444444422244444422223333333330000000000000000
000000000000000000000000000000000000000000000000000000000000000000000000000000000000000000000000000000000000000000000000000000000000000000000000000000000000000000000000000224444444444444222444444222233333333330000000000000000
000000000000000000000000000000000000000000000000000000000000000000000000000000000000000000000000000000000000000000000000000000000000000000000000000000000000000000000000022244444444444442224444442222333333333330000000000000000
000000000000000000000000000000000000000000000000000000000000000000000000000000000000000000000000000000000000000000000000000000000000000000000000000000000000000000000002222444444444444422244444422223333333333330000000000000000
000000000000000000000000000000000000000000000000000000000000000000000000000000000000000000000000000000000000000000000000000000000000000000000000000000000000000000000222224444444444444222444444222233333333333333000000000000000
000000000000000000000000000000000000000000000000000000000000000000000000000000000000000000000000000000000000000000000000000000000000000000000000000000000000000000022222244444444444442224444442222333333333333333000000000000000
000000000000000000000000000000000000000000000000000000000000000000000000000000000000000000000000000000000000000000000000000000000000000000000000000000000000000002222222444444444444422244444422223333333333333332000000000000000
000000000000000000000000000000000000000000000000000000000000000000000000000000000000000000000000000000000000000000000000000000000000000000000000000000000000000222222224444444444444222444444222233333333333333322000000000000000
000000000000000000000000000000000000000000000000000000000000000000000000000000000000000000000000000000000000000000000000000000000000000000000000000000000000022222222244444444444442224444442222333333333333333222000000000000000
000000000000000000000000000000000000000000000000000000000000000000000000000000000000000000000000000000000000000000000000000000000000000000000000000000000002222222222444444444444422244444422223333333333333332222000000000000000
000000000000000000000000000000000000000000000000000000000000000000000000000000000000000000000000000000000000000000000000000000000000000000000000000000000222222222224444444444444222444444222233333333333333322222200000000000000
000000000000000000000000000000000000000000000000000000000000000000000000000000000000000000000000000000000000000000000000000000000000000000000000000000022222222222244444444444442224444442222333333333333333222222200000000000000
000000000000000000000000000000000000000000000000000000000000000000000000000000022222000000000000000000000000000000000000000000000000000000000000000002222222222222444444444444422244444422223333333333333332222222200000000000000
000000000000000000000000000000000000000000000000000000000000000000000000000000022222000000000000000000000000000000000000000000000000000000000000000222222222222224444444444444222444444222233333333333333322222222200000000000000
000000000000000000000000000000000000000000000000000000000000000000000000000000222222000000000000000000000000000000000000000000000000000000000000022222222222222244444444444442224444442222333333333333333222222222200000000000000
000000000000000000000000000000000000000000000000000000000000000000000000000000222222000000000000000000000000000000000000000000000000000000000002222222222222222444444444444422244444422223333333333333332222222222200000000000000
000000000000000000000000000000000000000000000000000000000000000000222222222222222222222222222222222222222222222222222222222222222222222222222222222222222222222222222222222222222222222222222222222222222222222222222222222222222
000000000000000000000000000000000000000000000000000000000000000222222222222222222222222222222222222222222222222222222222222222222222222222222222222222222222222222222222222222222222222222222222222222222222222222222222222222222
000000000000000000000000000000000000000000000000000000000000222222222222222222222222222222222222222222222222222222222222222222222222222222222222222222222222222222222222222222222222222222222222222222222222222222222222222222200
000000000000000000000000000000000000000000000000000000000222222222222222222222222222222222222222222222222222222222222222222222222222222222222222222222222222222222222222222222222222222222222222222222222222222222222222222220000
000000000000000000000000000000000000000000000000000000222111111222211111111111111111111111111111111111111111111111111111111111111111111111111111111111111111111111111111122222222222222222222222222222222222222222222222222000000
000000000000000000000000000000000000000000000000000222111111111122111111111111111111111111111111111111111111111111111111111111111111111111111111111111111111111111111111112222222222222222222222222222222222222222222222200000000
000000000000000000000000000000000000000000000000222111111111111122111111111111111111111111111111111111111111111111111111111111111111111111111111111111111111111111111111112222222222222222222222222222222222222222222220000000000
000000000000000000000000000000000000000000000222111111111111111122111111111111111111111111111111111111111111111111111111111111111111111111111111111111111111111111111111112222222222222222222222222222222222222222222000000000000
000000000000000000000000000000000000000000222111111111111111111122111111111111111111111111111111111111111111111111111111111111111111111111111111111111111111111111111111112222222222222222222222222222222222222222200000000000000
000000000000000000000000000000000000000222211111111111111111111122111111111111111111111111111111111111111111111111111111111111111111111111111111111111111111111111111111112222222222222222222222222222222222222220000000000000000
000000000000000000000000000000000000222222111111111111111111111122111111111111111111111111111111111111111111111111111111111111111111111111111111111111111111111111111111112222222222222222222222222222222222222000000000000000000
000000000000000000000000000000000222222222111111111111111111111122111111111111111111111111111111111111111111111111111111111111111111111111111111111111111111111111111111112222222222222222222222222222222222200000000000000000000
000000000000000000000000000000222222222222211111111111111111111122111111111111111111111111111111111111111111111111111111111111111111111111111111111111111111111111111111112222222222222222222222222222222220000000000000000000000
000000000000000000000000000222222222222222211111111111111111111122111111111111111111111111111111111111111111111111111111111111111111111111111111111111111111111111111111112222222222222222222222222222222000000000000000000000000
000000000000000000000000222222222222222222211111111111111111111122111111111111111111111111111111111111111111111111111111111111111111111111111111111111111111111111111111112222222222222222222222222222200000000000000000000000000
000000000000000000000222222222222222222222211111111111111111111122111111111111111111111111111111111111111111111111111111111111111111111111111111111111111111111111111111112222222222222222222222222220000000000000000000000000000
000000000000000000222222222222222222222222211111111111111111111122111111111141111111111141111111111141111111111141111111111141111111111141111111111111111111111111111111112222222222222222222222222000000000000000000000000000000
000000000000000222222222222222222222222222211111111111111111111122111111111411114411111411114411111411114411111411114411111411114411111411114411111111111111111111111111112222222222222222222222200000000000000000000000000000000
000000000000222222222222222222222222222222211111111111111111111122111111111411114411111411114411111411114411111411114411111411114411111411114411111111111111111111111111112222222222222222222220000000000000000000000000000000000
000000000222222222222222222222222222222222211111111111111111111122111111111444444411111444444411111444444411111444444411111444444411111444444411111111111111111111111111112222222222222222222000000000000000000000000000000000000
000000222222222222222222222222222222222222211111111111111111111122111111111444444411111444444411111444444411111444444411111444444411111444444411111111111111111111111111112222222222222222200000000000000000000000000000000000000
000222222222222222222222222222222222222222211111111111111111111122111111444441444411444441444411444441444411444441444411444441444411444441444411111111111111111111111111112222222222222220000000000000000000000000000000000000000
222222222222222222222222222222222222222222211111111111111111111122111111111441111111111441111111111441111111111441111111111441111111111441111111111111111111111111111111112222222222222000000000000000000000000000000000000000000
222222222222222222222222222222222222222222211111111111111111111122111114444444444414444444444414444444444414444444444414444444444414444444444411111111111111111111111111112222222222200000000000000000000000000000000000000000000
022222222222222222222222222222222222222222211111111111111111111122111111444444444111444444444111444444444111444444444111444444444111444444444111111111111111111111111111112222222220000000000000000000000000000000000000000000000
000000222222222222222222222222222222222222221111111111111111111222211111111111111111111111111111111111111111111111111111111111111111111111111111111111111111111111111111122222222000000000000000000000000000000000000000000000000
000000000002222222222222222222222222222222222222222222222222222222222222222222222222222222222222222222222222222222222222222222222222222222222222222222222222222222222222222222000000000000000000000000000000000000000000000000000
000000000000000022222222222222222222222222222222222222222222222222222222222222222222222222222222222222222222222222222222222222222222222222222222222222222222222222222222222222000000000000000000000000000000000000000000000000000
000000000000000000000222222222222222222222222222222222222222222222222222222222222222222222222222222222222222222222222222222222222222222222222222222222222222222222222222222222000000000000000000000000000000000000000000000000000
000000000000000000000000000000000222222222222222222222222222222222222222222222222222222222222222222222222222222222222222222222222222222222222222222222222222222222222222222222000000000000000000000000000000000000000000000000000
000000000000000000000000000000000000000000000000000000000000000000000000000000000000000002222222222222222222222222222222222222222222222222222222222222222222222222222222222222000000000000000000000000000000000000000000000000000
000000000000000000000000000000000000000000000000000000000000000000000000000000000000000000000000000000222222222222222222222222222222222222222222222222222222222222222222222221000000000000000000000000000000000000000000000000000
000000000000000000000000000000000000000000000000000000000000000000000000000000000000000000000000000000000002222222222222222222222222222222222222222222222222222222222222222221100000000000000000000000000000000000000000000000000
000000000000000000000000000000000000000000000000000000000000000000000000000000000000000000000000000000000000211222222222222222222222222222222222222222222222222222222222222221100000000000000000000000000000000000000000000000000
000000000000000000000000000000000000000000000000000000000000000000000000000000000000000000000000000000000000021122222222222222222222222222222222222222222222222222222222222221100000000000000000000000000000000000000000000000000
000000000000000000000000000000000000000000000000000000000000000000000000000000000000000000000000000000000000002112222222222222222222222222222222222222222222222222222222222221100000000000000000000000000000000000000000000000000
000000000000000000000000000000000000000000000000000000000000000000000000000000000000000000000000000000000000000211222222222222222222222222222222222222222222222222222222222221100000000000000000000000000000000000000000000000000
000000000000000000000000000000000000000000000000000000000000000000000000000000000000000000000000000000000000000021122222222222222222222222222222222222222222222222222222222221100000000000000000000000000000000000000000000000000
000000000000000000000000000000000000000000000000000000000000000000000000000000000000000000000000000000000000000002112222222222222222222222222222222111122222222222222222222111100000000000000000000000000000000000000000000000000
000000000000000000000000000000000000000000000000000000000000000000000000000000000000000000000000000000000000000000211222222222222222222222222222222111111111111111111111111111100000000000000000000000000000000000000000000000000
000000000000000000000000000000000000000000000000000000000000000000000000000000000000000000000000000000000000000000021122222222222222222222222222222111111111111111111111111111100000000000000000000000000000000000000000000000000
000000000000000000000000000000000000000000000000000000000000000000000000000000000000000000000000000000000000000000002222222222222222222222222222222111111111111111111111101111000000000000000000000000000000000000000000000000000