0000000000000000000000000000000000000000000000000000000000000000000000000000000000000000000000000000000000000000000000000000000000000000000000000000000000000000000000000000000000000000000000000000000000000222222222222220000000000
0000000000000000000000000000000000000000000000000000000000000000000000000000000000000000000000000000000000000000000000000000000000000000000000000000000000000000000000000000000000000000000000000000000000022222222222222222220000000
0000000000000000000000000000000000000000000000000000000000000000000000000000000000000000000000000000000000000000000000000000000000000000000000000000000000000000000000000000000000000000000000000000000002222222222222222222222200000
0000000000000000000000000000000000000000000000000000000000000000000000000000000000000000000000000000000000000000000000000000000000000000000000000000000000000000000000000000000000000000000000000000000022222222222222222222222220000
0000000000000000000000000000000000000000000000000000000000000000000000000000000000000000000000000000000000000000000000000000000000000000000000000000000000000000000000000000000000000000000000000000000222222222222222222222222220000
0000000000000000000000000000000000000000000000000000000000000000000000000000000000000000000000000000000000000000000000000000000000000000000000000000000000000000000000000000000000000000000000000000002222222222222222222222222220000
0000000000000000000000000000000000000000000000000000000000000000000000000000000000000000000000000000000000000000000000000000000000000000000000000000000000000000000000000000000000000000000000000000032222222222222222222222222222200
0000000000000000000000000000000000000000000000000000000000000000000000000000000000000000000000000000000000000000000000000000000000000000000000000000000000000000000000000000000000000000000000000000333222222222222222222222222222222
0000000000000000000000000000000000000000000000000000000000000000000000000000000000000000000000000000000000000000000000000000000000000000000000000000000000000000000000000000000000000000000000000003333322222222222222222222222222222
0000000000000000000000000000000000000000000000000000000000000000000000000000000000000000000000000000000000000000000000000000000000000000000000000000000000000000000000000000000000000000000000000033333332222222222222222222222200000
0000000000000000000000000000000000000000000000000000000000000000000000000000000000000000000000000000000000000000000000000000000000000000000000000000000000000000000000000000000000000000000000000333333333222222222222222222222000000
0000000000000000000000000000000000000000000000000000000000000000000000000000000000000000000000000000000000000000000000000000000000000000000000000000000000000000000000000000000000000000000000003333333333322222222222222222222000000
0000000000000000000000000000000000000000000000000000000000000000000000000000000000000000000000000000000000000000000000000000000000000000000000000000000000000000000000000000000000000000000000044443333333322222222222222222220000000
0000000000000000000000000000000000000000000000000000000000000000000000000000000000000000000000000000000000000000000000000000000000000000000000000000000000000000000000000000000000000000000000444444333333322222222222222222220000000
0000000000000000000000000000000000000000000000000000000000000000000000000000000000000000000000000000000000000000000000000000000000000000000000000000000000000000000000000000000000000000000004444444433333332222222222222222200000000
0000000000000000000000000000000000000000000000000000000000000000000000000000000000000000000000000000000000000000000000000000000000000000000000000000000000000000000000000000000000000000000044444444433333332222222222222222200000000
0000000000000000000000000000000000000000000000000000000000000000000000000000000000000000000000000000000000000000000000000000000000000000000000000000000000000000000000000000000000000000000444444444433333332222222222222222000000000
0000000000000000000000000000000000000000000000000000000000000000000000000000000000000000000000000000000000000000000000000000000000000000000000000000000000000000000000000000000000000000003444444444433333332222222222222222000000000
0000000000000000000000000000000000000000000000000000000000000000000000000000000000000000000000000000000000000000000000000000000000000000000000000000000000000000000000000000000000000000033444444444433333332222222222222220000000000
0000000000000000000000000000000000000000000000000000000000000000000000000000000000000000000000000000000000000000000000000000000000000000000000000000000000000000000000000000000000000000333444444444433333332222222222222220000000000
0000000000000000000000000000000000000000000000000000000000000000000000000000000000000000000000000000000000000000000000000000000000000000000000000000000000000000000000000000000000000003333344444444333333322222222222222200000000000
0000000000000000000000000000000000000000000000000000000000000000000000000000000000000000000000000000000000000000000000000000000000000000000000000000000000000000000000000000000000000333333334444443333333322222222222222200000000000
0000000000000000000000000000000000000000000000222223333333333333333333444444444444444444422222222222220000000000000000000000000000000000000000000000000000000000000000000022222222222333333333333333333333322222222222222000000000000
0000000000000000000000000000000000000000222222222223333333333333333333444444444444444444422222222222222222222222220000000000000000000000000000000000000000000000000000000222222222222233333333333333333333222222222222222000000000000
0000000000000000000000000000000000002222222222222223333333333333333333444444444444444444422222222222222222222222222222222222222200000000000000000000000000000000000000002222222222222223333333333333333332222222222222220000000000000
0000000000000000000000000000000022222222222222222223333333333333333333444444444444444444422222222222222222222222222222222222222222222222222222000000000000000000000000022222222222222222333333333333333322222222222222220000000000000
0000000000000000000000000000000211111111111122222223333333333333333333444444444444444444422222222222222222222222222222222222222222222222222222222222222222220000000002222222222222222222233333333333333222222222222222200000000000000
0000000000000000000000000000002111111111111112222223333333333333333333444444444444444444422222222222222222222222222222222222222222222222222222222222222222222222222222222222222222222222223333333333332222222222222222200000000000000
0000000000000000000000000000021111111111111112222223333333333333333333444444444444444444422222222222222222222222222222222222222222222222222222222222222222222222222222222222222222222222222223333332222222222222222222000000000000000
0000000000000000000000000000211111111111111112222223333333333333333333444444444444444444422222222222222222222222222222222222222222222222222222222222222222222222222222222222222222222222222222222222222222222222222222000000000000000
0000000000000000000000000002111111111111111112222223333333333333333333444444444444444444422222222222222222222222222222222222222222222222222222222222222222222222222222222222222222222222222222222222222222222222222220000000000000000
0000000000000000000000000022111111111111111112222223333333333333333333444444444444444444422222222222222222222222222222222222222222222222222222222222222222222222222222222222222222222222222222222222222222222222222220000000000000000
0000000000000000000000000211111111111111111112222223333333333333333333444444444444444444422222222222222222222222222222222222222222222222222222222222222222222222222222222222222222222222222222222222222222222222222200000000000000000
0000000000000000000000002111111111111111111112222223333333333333333333444444444444444444422222222222222222222222222222222222222222222222222222222222222222222222222222222222222222222222222222222222222222222222222200000000000000000
0000000000000000002222221111111111111111111112221111111111111111111111111111111111111111111111111111111111111111111111111111111111111111111111111111111111111111111111111111111111111111111111111111112222222222222000000000000000000
0000000000000022222222221111111111111111111112211111111111111111111111111111111111111111111111111111111111111111111111111111111111111111111111111111111111111111111111111111111111111111111111111111111222222222222000000000000000000
0000000000022222222222221111111111111111111112211111111111111111111111111111111111111111111111111111111111111111111111111111111111111111111111111111111111111111111111111111111111111111111111111111111222222222220000000000000000000
0000000002222222222222221111111111111111111112211111111111111111111111111111111111111111111111111111111111111111111111111111111111111111111111111111111111111111111111111111111111111111111111111111111222222222222000000000000000000
0000000022222222222222221111111111111111111112211111111111111111111111111111111111111111111111111111111111111111111111111111111111111111111111111111111111111111111111111111111111111111111111111111111222222222222200000000000000000
0000002222222222222222221111111111111111111112211111111111111111111111111111111111111111111111111111111111111111111111111111111111111111111111111111111111111111111111111111111111111111111111111111111222222222222220000000000000000
0000022222222222222222221111111111111111111112211111111111111111111111111111111111111111111111111111111111111111111111111111111111111111111111111111111111111111111111111111111111111111111111111111111222222222222220000000000000000
0000222222222222222222221111111111111111111112211111111111111111111111111111111111111111111111111111111111111111111111111111111111111111111111111111111111111111111111111111111111111111111111111111111222222222222222000000000000000
0002222222222222222222221111111111111111111112211111111111111111111111111111111111111111111111111111111111111111111111111111111111111111111111111111111111111111111111111111111111111111111111111111111222222222222222000000000000000
0002222222222222222222221111111111111111111112211111111111111111111111111111111111111111111111111111111111111111111111111111111111111111111111111111111111111111111111111111111111111111111111111111111222222222222222000000000000000
0022222222222222222222221111111111111111111112211111111111111111111111111111111111111111111111111111111111111111111111111111111111111111111111111111111111111111111111111111111111111111111111111111111222222222222222000000000000000
0022222222222222222222221111111111111111111112211111111111111111111111111111111111111111111111111111111111111111111111111111111111111111111111111111111111111111111111111111111111111111111111111111111222222222222222000000000000000
0222222222222222222222221111111111111111111112211111111114444411111114444411111114444411111114444411111114444411111114444411111114444411111114444411111114444411111114444411111114444411111114444411111222222222222222000000000000000
0222222222222222222222222111111111111111111122211111111144444441111144444441111144444441111144444441111144444441111144444441111144444441111144444441111144444441111144444441111144444441111144444441111222222222222222000000000000000
2222222222222222222222222222222222222222222222211111111144444441111144444441111144444441111144444441111144444441111144444441111144444441111144444441111144444441111144444441111144444441111144444441111222222222222222000000000000000
2222222222222222222222222222222222222222222222211111111144444441111144444441111144444441111144444441111144444441111144444441111144444441111144444441111144444441111144444441111144444441111144444441111222222222222220000000000000000
2222222222222222233332222222222222222222222222211111111144444441111144444441111144444441111144444441111144444441111144444441111144444441111144444441111144444441111144444441111144444441111144444441111222222222222220000000000000000
2222222222222222333333222222222222222222222222211111144444144441144444144441144444144441144444144441144444144441144444144441144444144441144444144441144444144441144444144441144444144441144444144441111222222222222220000000000000000
2222222222222223334433322222222222222222222222211111111144111111111144111111111144111111111144111111111144111111111144111111111144111111111144111111111144111111111144111111111144111111111144111111111222222222222200000000000000000
2222222222222223344443322222222222222222222222211111444444444441444444444441444444444441444444444441444444444441444444444441444444444441444444444441444444444441444444444441444444444441444444444441111222222222222200000000000000000
2222222222222223344443322222222222222222222222211111144444444411144444444411144444444411144444444411144444444411144444444411144444444411144444444411144444444411144444444411144444444411144444444411111222222222222000000000000000000
2222222222222223334433322222222222222222222222221111111111111111111111111111111111111111111111111111111111111111111111111111111111111111111111111111111111111111111111111111111111111111111111111111112222222222222000000000000000000
0222222222222222333333222222222222222222222222222223333333333333333333444444444444444444422222222222222222222222222222222222222222222222222222222222222222222222222222222222222222222222222222222222222222222222220000000000000000000
0222222222222222233332222222222222222222222222222223333333333333333333444444444444444444422222222222222222222222222222222222222222222222222222222222222222222222222222222222222222222222222222222222222222222222000000000000000000000
0022222222222222222222222222222222222222222222222223333333333333333333444444444444444444422222222222222222222222222222222222222222222222222222222222222222222222222222222222222222222222222222222222222222222200000000000000000000000
0022222222222222222222222222222222222222222222222223333333333333333333444444444444444444422222222222222222222222222222222222222222222222222222222222222222222222222222222222222222222222222222222222222222220000000000000000000000000
0002222222222222222222222222222222222222222222222223333333333333333333444444444444222222222222222222222222222222222222222222222222222222222222222222222222222222222222222222222222222222222222222222222222000000000000000000000000000
0002222222222222222222222222222222222222222222222223333333333333333333444444422222222222222222222222222222222222222222222222222222222222222222222222222222222222222222222222222222222222222222222222222200000000000000000000000000000
0000222222222222222222222222222222222222222222222223333333333333333333444222222222222222222222222222222222222222222222222222222222222222222222222222222222222222222222222222222222222222222222222222200000000000000000000000000000000
0000022222222222222222222222222222222222222222222223333333333333333333422222222222222222222222222222222222222222222222222222222222222222222222222222222222222222222222222222222222222222222222222200000000000000000000000000000000000
0000002222222222222222222222222222222222222222222223333333333333333333222222222222222222222222222222222222222222222222222222222222222222222222222222222222222222222222222222222222222222222222220000000000000000000000000000000000000
0000000022222222222222222222222222222222222222222223333333333333333333222222222222222222222222222222222222222222222222222222222222222222222222222222222222222222222222222222222222222222222220000000000000000000000000000000000000000
0000000002222222222222222222222222222222222222222223333333333333333333222222222222222222222222222222222222222222222222222222222222222222222222222222222222222222222222222222222222222222200000000000000000000000000000000000000000000
0000000000022222222222222222222222222222222222222223333333333333333333444222222222222222222222222222222222222222222222222222222222222222222222222222222222222222222222222222222222222200000000000000000000000000000000000000000000000
0000000000000022222222222222222222222222222222222223333333333333333333444444422222222222222222222222222222222222222222222222222222222222222222222222222222222222222222222222222222000000000000000000000000000000000000000000000000000
0000000000000000002222222222222222222222222222222223333333333333333333444444444444222222222222222222222222222222222222222222222222222222222222222222222222222222222222222222200000000000000000000000000000000000000000000000000000000
0000000000000000000000000000000000000000000000000000000000000000000000000000000000001122222222222222222222222222222222222222222222222222222222222222222222222222222222200000000000000000000000000000000000000000000000000000000000000
0000000000000000000000000000000000000000000000000000000000000000000000000000000000001122222222222222222222222222222222222222222222222222222222222222200000000000000000000000000000000000000000000000000000000000000000000000000000000
0000000000000000000000000000000000000000000000000000000000000000000000000000000000001122222222112222222222222222222222222222222222222222222222222222200000000000000000000000000000000000000000000000000000000000000000000000000000000
0000000000000000000000000000000000000000000000000000000000000000000000000000000000001122222222112222222222222222222222222222222222222222222222222222220000000000000000000000000000000000000000000000000000000000000000000000000000000
0000000000000000000000000000000000000000000000000000000000000000000000000000000000001122222222112222222222222222222222222222222222222222222222222222220000000000000000000000000000000000000000000000000000000000000000000000000000000
0000000000000000000000000000000000000000000000000000000000000000000000000000000000001122222222112222222222222222222222222222222222222222222222222222220000000000000000000000000000000000000000000000000000000000000000000000000000000
0000000000000000000000000000000000000000000000000000000000000000000000000000000000001122222222112222222222222222222222222222222222222222222222222222000000000000000000000000000000000000000000000000000000000000000000000000000000000
0000000000000000000000000000000000000000000000000000000000000000000000000000000000001122222222112222222222222222222222222222222222222222222222200000000000000000000000000000000000000000000000000000000000000000000000000000000000000
0000000000000000000000000000000000000000000000000000000000000000000000000000000000001122222222112222222222222222222222222222222222222000000000000000000000000000000000000000000000000000000000000000000000000000000000000000000000000
0000000000000000000000000000000000000000000000000000000000000000000000000000000000001122222222112222222222222222222222222222222222222000000000000000000000000000000000000000000000000000000000000000000000000000000000000000000000000
0000000000000000000000000000000000000000000000000000000000000000000000000000000000001122222222112222222222222222222222222222222222222000000000000000000000000000000000000000000000000000000000000000000000000000000000000000000000000
0000000000000000000000000000000000000000000000000000000000000000000000000000000000001122222222112222222222222222222222222222222222222000000000000000000000000000000000000000000000000000000000000000000000000000000000000000000000000
0000000000000000000000000000000000000000000000000000000000000000000000000000000000001122222222112222222222222222222222222222222222222000000000000000000000000000000000000000000000000000000000000000000000000000000000000000000000000
0000000000000000000000000000000000000000000000000000000000000000000000000000000000001122222222112222222222222222222222222222222222222000000000000000000000000000000000000000000000000000000000000000000000000000000000000000000000000
0000000000000000000000000000000000000000000000000000000000000000000000000000000000001122222222112222222222222222222222222222222222222000000000000000000000000000000000000000000000000000000000000000000000000000000000000000000000000
0000000000000000000000000000000000000000000000000000000000000000000000000000000000000122222222112222222222222222222222222222222222220000000000000000000000000000000000000000000000000000000000000000000000000000000000000000000000000
0000000000000000000000000000000000000000000000000000000000000000000000000000000000000002222222112222222222222222222222222222222222200000000000000000000000000000000000000000000000000000000000000000000000000000000000000000000000000
0000000000000000000000000000000000000000000000000000000000000000000000000000000000000000000000112222222222222222222222222222222220000000000000000000000000000000000000000000000000000000000000000000000000000000000000000000000000000
0000000000000000000000000000000000000000000000000000000000000000000000000000000000000000000000012222222222222222222222222222220000000000000000000000000000000000000000000000000000000000000000000000000000000000000000000000000000000
0000000000000000000000000000000000000000000000000000000000000000000000000000000000000000000000000222222222222222222222200000000000000000000000000000000000000000000000000000000000000000000000000000000000000000000000000000000000000