0000000000000000000000000000000000000000000000000000000000000000000000000000000000000000000000000000000000000000000000000000000000000000000000000000000000000000000000000000000000000000000000000000000000000333333333333330000000000
0000000000000000000000000000000000000000000000000000000000000000000000000000000000000000000000000000000000000000000000000000000000000000000000000000000000000000000000000000000000000000000000000000000000033333333333333333330000000
0000000000000000000000000000000000000000000000000000000000000000000000000000000000000000000000000000000000000000000000000000000000000000000000000000000000000000000000000000000000000000000000000000000003333333333333333333333300000
0000000000000000000000000000000000000000000000000000000000000000000000000000000000000000000000000000000000000000000000000000000000000000000000000000000000000000000000000000000000000000000000000000000033333333333333333333333330000
0000000000000000000000000000000000000000000000000000000000000000000000000000000000000000000000000000000000000000000000000000000000000000000000000000000000000000000000000000000000000000000000000000000333333333333333333333333330000
0000000000000000000000000000000000000000000000000000000000000000000000000000000000000000000000000000000000000000000000000000000000000000000000000000000000000000000000000000000000000000000000000000003333333322222222222233333330000
0000000000000000000000000000000000000000000000000000000000000000000000000000000000000000000000000000000000000000000000000000000000000000000000000000000000000000000000000000000000000000000000000000023333332222222222222222222222200
0000000000000000000000000000000000000000000000000000000000000000000000000000000000000000000000000000000000000000000000000000000000000000000000000000000000000000000000000000000000000000000000000000222233322222222222222222222222222
0000000000000000000000000000000000000000000000000000000000000000000000000000000000000000000000000000000000000000000000000000000000000000000000000000000000000000000000000000000000000000000000000002222222332222222222222222222222222
0000000000000000000000000000000000000000000000000000000000000000000000000000000000000000000000000000000000000000000000000000000000000000000000000000000000000000000000000000000000000000000000000044422222223333333333333333333300000
0000000000000000000000000000000000000000000000000000000000000000000000000000000000000000000000000000000000000000000000000000000000000000000000000000000000000000000000000000000000000000000000000444444222222223333333333333333000000
0000000000000000000000000000000000000000000000000000000000000000000000000000000000000000000000000000000000000000000000000000000000000000000000000000000000000000000000000000000000000000000000004444444442222222233333333333333000000
0000000000000000000000000000000000000000000000000000000000000000000000000000000000000000000000000000000000000000000000000000000000000000000000000000000000000000000000000000000000000000000000044444444444422222222333333333330000000
0000000000000000000000000000000000000000000000000000000000000000000000000000000000000000000000000000000000000000000000000000000000000000000000000000000000000000000000000000000000000000000000444444444444444222222233333333330000000
0000000000000000000000000000000000000000000000000000000000000000000000000000000000000000000000000000000000000000000000000000000000000000000000000000000000000000000000000000000000000000000004444444444444444222222333333333300000000
0000000000000000000000000000000000000000000000000000000000000000000000000000000000000000000000000000000000000000000000000000000000000000000000000000000000000000000000000000000000000000000044444444444444442222223333333333300000000
0000000000000000000000000000000000000000000000000000000000000000000000000000000000000000000000000000000000000000000000000000000000000000000000000000000000000000000000000000000000000000000444444444444444422222233333333333000000000
0000000000000000000000000000000000000000000000000000000000000000000000000000000000000000000000000000000000000000000000000000000000000000000000000000000000000000000000000000000000000000004444444444444442222223333333333333000000000
0000000000000000000000000000000000000000000000000000000000000000000000000000000000000000000000000000000000000000000000000000000000000000000000000000000000000000000000000000000000000000044444444444444422222233333333333330000000000
0000000000000000000000000000000000000000000000000000000000000000000000000000000000000000000000000000000000000000000000000000000000000000000000000000000000000000000000000000000000000000444444444444442222222333333333333330000000000
0000000000000000000000000000000000000000000000000000000000000000000000000000000000000000000000000000000000000000000000000000000000000000000000000000000000000000000000000000000000000004444444444444422222233333333333333300000000000
0000000000000000000000000000000000000000000000000000000000000000000000000000000000000000000000000000000000000000000000000000000000000000000000000000000000000000000000000000000000000444444444444442222222333333333333333300000000000
0000000000000000000000000000000000000000000000422222233333333333333333333333333333332222222222222222220000000000000000000000000000000000000000000000000000000000000000000044444444444444444444444422222223333333333333333000000000000
0000000000000000000000000000000000000000444444442222223333333333333333333333333333333222222222222222222222222222220000000000000000000000000000000000000000000000000000000444444444444444444444444222222333333333333333333000000000000
0000000000000000000000000000000000004444444444444222222333333333333333333333333333333322222222222222222222222222222222222222222200000000000000000000000000000000000000004444444444444444444444422222223333333333333333330000000000000
0000000000000000000000000000000044444444444444444422222233333333333333333333333333333332222222222222222222222222222222222222222222222222222222000000000000000000000000044444444444444444444444222222233333333333333333330000000000000
0000000000000000000000000000000411111111111144444442222223333333333333333333333333333333222222222222222222222222222222222222222222222222222222222222222222220000000004444444444444444444444422222223333333333333333333300000000000000
0000000000000000000000000000004111111111111114444444222222333333333333333333333333333333322222222222222222222222222222222222222222222222222222222222222222222222222222244444444444444444444222222233333333333333333333300000000000000
0000000000000000000000000000041111111111111114444444422222233333333333333333333333333333332222222222222222222222222222222222222222222222222222222222222222222222222222222222222444444444442222222333333333333333333333000000000000000
0000000000000000000000000000411111111111111114444444442222223333333333333333333333333333333222222222222222222222222222222222222222222222222222222222222222222222222222222222222222222224222222223333333333333333333333000000000000000
0000000000000000000000000004111111111111111114444444444222222333333333333333333333333333333322222222222222222222222222222222222222222222222222222222222222222222222222222222222222222222222222333333333333333333333330000000000000000
0000000000000000000000000044111111111111111114444444444422222233333333333333333333333333333332222222222222222222222222222222222222222222222222222222222222222222222222222222222222222222222222223333333333333333333330000000000000000
0000000000000000000000000411111111111111111114444444444442222223333333333333333333333333333333222222222222222222222222222222222222222222222222222222222222222222222222222222222222222222222222222222333333333333333300000000000000000
0000000000000000000000004111111111111111111114444444444444222222333333333333333333333333333333322222222222222222222222222222222222222222222222222222222222222222222222222222222222222222222222222222222233333333333300000000000000000
0000000000000000004444441111111111111111111114441111111111111111111111111111111111111111111111111111111111111111111111111111111111111111111111111111111111111111111111111111111111111111111111111111112222233333333000000000000000000
0000000000000044444444441111111111111111111114411111111111111111111111111111111111111111111111111111111111111111111111111111111111111111111111111111111111111111111111111111111111111111111111111111111222222233333000000000000000000
0000000000044444444444441111111111111111111114411111111111111111111111111111111111111111111111111111111111111111111111111111111111111111111111111111111111111111111111111111111111111111111111111111111222222222230000000000000000000
0000000004444444444444441111111111111111111114411111111111111111111111111111111111111111111111111111111111111111111111111111111111111111111111111111111111111111111111111111111111111111111111111111111222222222222000000000000000000
0000000044444444444444441111111111111111111114411111111111111111111111111111111111111111111111111111111111111111111111111111111111111111111111111111111111111111111111111111111111111111111111111111111222222222222200000000000000000
0000004444444444444444441111111111111111111114411111111111111111111111111111111111111111111111111111111111111111111111111111111111111111111111111111111111111111111111111111111111111111111111111111111222222222222220000000000000000
0000044444444444444444441111111111111111111114411111111111111111111111111111111111111111111111111111111111111111111111111111111111111111111111111111111111111111111111111111111111111111111111111111111222222222222220000000000000000
0000444444444444444444441111111111111111111114411111111111111111111111111111111111111111111111111111111111111111111111111111111111111111111111111111111111111111111111111111111111111111111111111111111222222222222222000000000000000
0004444444444444444444441111111111111111111114411111111111111111111111111111111111111111111111111111111111111111111111111111111111111111111111111111111111111111111111111111111111111111111111111111111222222222222222000000000000000
0004444444444444444444441111111111111111111114411111111111111111111111111111111111111111111111111111111111111111111111111111111111111111111111111111111111111111111111111111111111111111111111111111111222222222222222000000000000000
0044444444444444444444441111111111111111111114411111111111111111111111111111111111111111111111111111111111111111111111111111111111111111111111111111111111111111111111111111111111111111111111111111111222222222222222000000000000000
0044444444444444444444441111111111111111111114411111111111111111111111111111111111111111111111111111111111111111111111111111111111111111111111111111111111111111111111111111111111111111111111111111111222222222222222000000000000000
0444444444444444444444441111111111111111111114411111111111111111111111111111111111111111111111111111111111111111111111111111111111111111111111111111111111111111111111111111111111111111111111111111111222222222222222000000000000000
0444444444444444444444444111111111111111111144411111111111111111111111111111111111111111111111111111111111111111111111111111111111111111111111111111111111111111111111111111111111111111111111111111111222222222222222000000000000000
4444444444444444444444444444444444444444444444411111111111111111111111111111111111111111111111111111111111111111111111111111111111111111111111111111111111111111111111111111111111111111111111111111111222222222222222000000000000000
4444444444444444444444444444444444444444444444411111111111111111111111111111111111111111111111111111111111111111111111111111111111111111111111111111111111111111111111111111111111111111111111111111111222222222222220000000000000000
4444444444444444444444444444444444444444444444411111111111111111111111111111111111111111111111111111111111111111111111111111111111111111111111111111111111111111111111111111111111111111111111111111111222222222222220000000000000000
4444444444444444444444444444444444444444444444411111111111111111111111111111111111111111111111111111111111111111111111111111111111111111111111111111111111111111111111111111111111111111111111111111111222222222222220000000000000000
4444444444444444444444444444444444444444444444411111111111111111111111111111111111111111111111111111111111111111111111111111111111111111111111111111111111111111111111111111111111111111111111111111111222222222222200000000000000000
4444444444444444444444444444444444444444444444411111111111111111111111111111111111111111111111111111111111111111111111111111111111111111111111111111111111111111111111111111111111111111111111111111111222222222222200000000000000000
4444444444444444444444444444444444444444444444411111111111111111111111111111111111111111111111111111111111111111111111111111111111111111111111111111111111111111111111111111111111111111111111111111111222222222222000000000000000000
4444444444444444444444444444444444444444444444441111111111111111111111111111111111111111111111111111111111111111111111111111111111111111111111111111111111111111111111111111111111111111111111111111112222222222222000000000000000000
0444444444444444444444444444444444444444444444444444444422222223333333333333333333333333333333222222222222222222222222222222222222222222222222222222222222222222222222222222222222222222222222222222222222222222220000000000000000000
0444444444444444444444444444444444444444444444444444444222222233333333333333333333333333333332222222222222222222222222222222222222222222222222222222222222222222222222222222222222222222222222222222222222222222000000000000000000000
0044444444444444444444444444444444444444444444444444442222222333333333333333333333333333333322222222222222222222222222222222222222222222222222222222222222222222222222222222222222222222222222222222222222222200000000000000000000000
0044444444444444444444444444444444444444444444444444422222223333333333333333333333333333333222222222222222222222222222222222222222222222222222222222222222222222222222222222222222222222222222222222222222220000000000000000000000000
0004444444444444444444444444444444444444444444444444222222233333333333333333333333222222222222222222222222222222222222222222222222222222222222222222222222222222222222222222222222222222222222222222222222000000000000000000000000000
0004444444444444444444444444444444444444444444444442222222333333333333333333322222222222222222222222222222222222222222222222222222222222222222222222222222222222222222222222222222222222222222222222222200000000000000000000000000000
0000444444444444444444444444444444444444444444444422222223333333333333333222222222222222222222222222222222222222222222222222222222222222222222222222222222222222222222222222222222222222222222222222200000000000000000000000000000000
0000044444444444444444444444444444444444444444444222222233333333333333322222222222222222222222222222222222222222222222222222222222222222222222222222222222222222222222222222222222222222222222222200000000000000000000000000000000000
0000004444444444444444444444444444444444444444442222222333333333333333222222222222222222222222222222222222222222222222222222222222222222222222222222222222222222222222222222222222222222222222220000000000000000000000000000000000000
0000000044444444444444444444444444444444444444422222223333333333333333222222222222222222222222222222222222222222222222222222222222222222222222222222222222222222222222222222222222222222222220000000000000000000000000000000000000000
0000000004444444444444444444444444444444444444222222233333333333333333222222222222222222222222222222222222222222222222222222222222222222222222222222222222222222222222222222222222222222200000000000000000000000000000000000000000000
0000000000044444444444444444444444444444444442222222333333333333333333333222222222222222222222222222222222222222222222222222222222222222222222222222222222222222222222222222222222222200000000000000000000000000000000000000000000000
0000000000000044444444444444444444444444444422222223333333333333333333333333322222222222222222222222222222222222222222222222222222222222222222222222222222222222222222222222222222000000000000000000000000000000000000000000000000000
0000000000000000004444444444444444444444444222222233333333333333333333333333333332222222222222222222222222222222222222222222222222222222222222222222222222222222222222222222200000000000000000000000000000000000000000000000000000000
0000000000000000000000000000000000000000000000000000000000000000000000000000000000001144222222222222222222222222222222222222222222222222222222222222222222222222222222200000000000000000000000000000000000000000000000000000000000000
0000000000000000000000000000000000000000000000000000000000000000000000000000000000001144444442222222222222222222222222222222222222222222222222222222200000000000000000000000000000000000000000000000000000000000000000000000000000000
0000000000000000000000000000000000000000000000000000000000000000000000000000000000001144444444114422222222222222222222222222222222222222222222222222200000000000000000000000000000000000000000000000000000000000000000000000000000000
0000000000000000000000000000000000000000000000000000000000000000000000000000000000001144444444114444442222222222222222222222222222222222222222222222220000000000000000000000000000000000000000000000000000000000000000000000000000000
0000000000000000000000000000000000000000000000000000000000000000000000000000000000001144444444114444444442222222222222222222222222222222222222222222220000000000000000000000000000000000000000000000000000000000000000000000000000000
0000000000000000000000000000000000000000000000000000000000000000000000000000000000001144444444114444444442223332222222222222222222222222222222222222220000000000000000000000000000000000000000000000000000000000000000000000000000000
0000000000000000000000000000000000000000000000000000000000000000000000000000000000001144444444114444444442223333333322222222222222222222222222222222000000000000000000000000000000000000000000000000000000000000000000000000000000000
0000000000000000000000000000000000000000000000000000000000000000000000000000000000001144444444114444444442223333333332222222222222222222222222200000000000000000000000000000000000000000000000000000000000000000000000000000000000000
0000000000000000000000000000000000000000000000000000000000000000000000000000000000001144444444114444444442223333333332222222222222222000000000000000000000000000000000000000000000000000000000000000000000000000000000000000000000000
0000000000000000000000000000000000000000000000000000000000000000000000000000000000001144444444114444444442223333333332222222222222222000000000000000000000000000000000000000000000000000000000000000000000000000000000000000000000000
0000000000000000000000000000000000000000000000000000000000000000000000000000000000001144444444114444444442223333333332222222222222222000000000000000000000000000000000000000000000000000000000000000000000000000000000000000000000000
0000000000000000000000000000000000000000000000000000000000000000000000000000000000001144444444114444444442223333333332222222222222222000000000000000000000000000000000000000000000000000000000000000000000000000000000000000000000000
0000000000000000000000000000000000000000000000000000000000000000000000000000000000001144444444114444444442223333333332222222222222222000000000000000000000000000000000000000000000000000000000000000000000000000000000000000000000000
0000000000000000000000000000000000000000000000000000000000000000000000000000000000001144444444114444444442223333333332222222222222222000000000000000000000000000000000000000000000000000000000000000000000000000000000000000000000000
0000000000000000000000000000000000000000000000000000000000000000000000000000000000001144444444114444444442223333333332222222222222222000000000000000000000000000000000000000000000000000000000000000000000000000000000000000000000000
0000000000000000000000000000000000000000000000000000000000000000000000000000000000000144444444114444444442223333333332222222222222220000000000000000000000000000000000000000000000000000000000000000000000000000000000000000000000000
0000000000000000000000000000000000000000000000000000000000000000000000000000000000000004444444114444444442223333333332222222222222200000000000000000000000000000000000000000000000000000000000000000000000000000000000000000000000000
0000000000000000000000000000000000000000000000000000000000000000000000000000000000000000000000114444444442223333333332222222222220000000000000000000000000000000000000000000000000000000000000000000000000000000000000000000000000000
0000000000000000000000000000000000000000000000000000000000000000000000000000000000000000000000014444444442223333333332222222220000000000000000000000000000000000000000000000000000000000000000000000000000000000000000000000000000000
0000000000000000000000000000000000000000000000000000000000000000000000000000000000000000000000000444444422233333333322200000000000000000000000000000000000000000000000000000000000000000000000000000000000000000000000000000000000000