00000000000000000000000000000000000000000000000000000000000000000000000000000000000000000000000000000000000000000000000000000000000000000000000000000000000000000000000
00000000000000000000000000000000000000000000000000000000000000000000000000000000000000000000000000000000000000000000000000000000000000000000044444444444444444444444000
00000000000000000000000000000000000000000000000000000000000000000000000000000000000000000000000000000000000000000000000000000000000000000004444444444444444444444444440
00000000000000000000000000000000000000000000000000000000000000000000000000000000000000000000000000000000000000000000000000000000000000000044444444444444444444444444444
00000000000000000000000000000000000000000000000000000000000000000000000000000000000000000000000000000000000000000000000000000000000000000004444444444444444444444444440
00000000000000000000000000000000000000000000000000000000000000000000000000000000000000000000000000000000000000000000000000000000000000000000044444444444444444444444000
00000000000000000000000000000000000000000000000000000000000000000000000000000000000000000000000000000000000000000000000000000000000000000000333333333333333333330000000
00000000000000000000000000000000000000000000000000000000000000000000000000000000000000000000000000000000000000000000000000000000000000000000333333333333333333300000000
00000000000000000000000000000000000000000000000000000000000000000000000000000000000000000000000000000000000000000000000000000000000000000003333333333333333333300000000
00000000000000000000000000000000000000000000000000000000000000000000000000000000000000000000000000000000000000000000000000000000000000000003333333333333333333300000000
00000000000000000000000000000000000000000000000000000000000000000000000000000000000000000000000000000000000000000000000000000000000000000033333333333333333333300000000
00000000000000000000000000000000000000000000000000000000000000000000000000000000000000000000000000000000000000000000000000000000000000000033333333333333333333300000000
00000000000000000000000000000000000000000000000000000000000000000000000000000000000000000000000000000000000000000000000000000000000000000333333333333333333333300000000
00000000000000000000000000000000000000000000000000000000000000000000000000000000000000000000000000000000000000000000000000000000000000000333333333333333333333000000000
00000000000000000000000000000000000000000000000000000000000000000000000000000000000000000000000000000000000000000000000000000000000000003333333333333333333333000000000
00000000000000000000000000000000000000000000000000000000000000000000000000000000000000000000000000000000000000000000000000000000000000003333333333333333333333000000000
00000000000000000000000000000000000000000000000000000000000000000000000000000000000000000000000000000000000000000000000000000000000000033333333333333333333333000000000
00000000000000000000000000000000000000000000000000000000000000000000000000000000000000000000000000000000000000000000000000000000000000033333333333333333333333000000000
00000000000000000000000000000000000000000000000000000000000000000000000000000000000000000000000000000000000000000000000000000000000000333333333333333333333333000000000
00000000000000000000000000000000000000000000000000000000000000000000000000000000200000000000000000000000000000000000000000000000000000333333333333333333333333000000000
00000000000000000000000000000000000000000000000000000000000000000000000000000002200000000000000000000000000000000000000000000000000033333333333333333333333330000000000
00000000000000000000000000000000000000000000000000000000000000000000000000000022000000000000000000000000000000000000000000000000003333333333333333333333333330000000000
00000000000000000000000000000000000000000000000000000000000000000000000000000220000000000000000000000000000000000000000000000000333333333333333333333333333330000000000
00000000000000000000000000000000000000000000000000220000000000000000000000002220000000000000000000000000000000000002000000000033333333333333333333333333333330000000000
00000000000000000000000000000000000000000000000002220000000000000000000000022222000000000000000000000000000000000022000000003333333333333333333333333333333330000000000
00000000000000000000000000000000000000000000000022222222222222222222222222222222222222222222000000000000000000000220000000333333333333333333333333333333333330000000000
00000000000000000000000000000000000000000000000222222222222222222222222222222222222222222222222222200000000000002200000033333333333333333333333333333333333300000000000
00000000000000000000000000000000000000000000222222222222222222222222222222222222222222222222222222222222200000022200003333333333333333333333333333333333333300000000000
00000000000000000000000000000000000000000022222222222222222222222222222222222222222222222222222222222222222222222220333333333333333333333333333333333333333300000000000
00000000000000000000000000000000000000000111111111111222222211111111111111111111111111111111111111111122222222222223333333333333333333333333333333333333333300000000000
00000000000000000000000000000000000000001111111111111122222111111111111111111111111111111111111111111112222222222222222223333333333333333333333333333333333300000000000
00000000000000000000000000000000000000011111111111111122222111111111111111111111111111111111111111111112222222222222222222222223333333333333333333333333333300000000000
00000000000000000000000000000000000000111111111111111122222111111111111111111111111111111111111111111112222222333333333333322222222233333333333333333333333000000000000
00000000000000000000000000000000000001111111111111111122222111111111111111111111111111111111111111111112222111333333333333333333222222222233333333333333333000000000000
00000000000000000000000000000000000011111111111111111122222111111111111111111111111111111111111111111112221111333333333333333333333222222222222233333333333000000000000
00000000000000000000000000000000000111111111111111111122222111111111111111111111111111111111111111111112221111133333333333333333333332222222222222222333333000000000000
00000000000000000000000000000000001111111111111111111122222111111111111111111111111111111111111111111112211111133333333333333333333333333322222222222222222220000000000
00000000000000000000000000000000211111111111111111111122222111111111111111111111111111111111111111111112211111133333333333333333333333333333222222222222222222000000000
00000000000000000000000000000222211111111111111111111122222111111111111111111111111111111111111111111112211111133333333333333333333333333333222222222222222222000000000
00000000000000000000000000022222211111111111111111111122222111111111111111111111111111111111111111111112211111144444444444444444444444444444222222222222222222000000000
00000000000000000000000022222222211111111111111111111122222111111111111111111111111111111111111111111112211111144444444444444444444444444444222222222222222222000000000
00000000000000000000222222222222211111111111111111111122222111111111111111111111111111111111111111111112211111144444444444444444444444444444222222222222222222000000000
00000000000000002222222222222222211111111111111111111122222111111111111111111111111111111111111111111112211111133333333333333333333333333333222222222222222222000000000
00000000000022222222222222222222211111111111111111111122222111111111111111111111111111111111111111111112211111133333333333333333333333333333222222222222222220000000000
00000000022222222222222222222222211111111111111111111122222111111111111111111111111111111111111111111112211111133333333333333333333333333322222222222222222200000000000
00000002222222222222222222222222211111111111111111111122222111111111111111111111111111111111111111111112221111333333333333333333333332222222222222222220000000000000000
00002222222222222222222222222222211111111111111111111122222111111111111111111111111111111111111111111112221111333333333333333333333222222222222222000000000000000000000
00222222222222222222222222222222211111111111111111111122222111111111111111111111111111111111111111111112222113333333333333333333222222222222220000000000000000000000000
02222222222222222222222222222222211111111111111111111122222111111111111111111111111111111111111111111112222222222222222222222222222222222200000000000000000000000000000
22222222222222222222222222222222211111111111111111111122222111111111111111111111111111111111111111111112222222222222222222222222222222000000000000000000000000000000000
22222222222222222222222222222222221111111111111111111222222211111111111111111111111111111111111111111122222222222222222222222222200000000000000000000000000000000000000
22222222222222222222222222222222222222222222222222222222222222222222222222222222222222222222222222222222222222222222222222222000000000000000000000000000000000000000000
44444444444444444444444444444444444444444444444444444444444444444444444444444444444444444444444444444444444444444444444440000000000000000000000000000000000000000000000
04444444444444444444444444444444444444444444444444444444444444444444333333333333333333333333333333444444444444444444400000000000000000000000000000000000000000000000000
00444444444444444444444444444444444444444444444444444444444444444433333333333333333333333333333333334444444444444000000000000000000000000000000000000000000000000000000
00002222222222222222222222222222222222222222222222222222222222222333333333333333333333333333333333333222222200000000000000000000000000000000000000000000000000000000000
00000002222222222222222222222222222222222222222222222222222222222233333333333333333333333333333333333330000000000000000000000000000000000000000000000000000000000000000
00000000000022222222222222222222222222222222222222222222222222222222333333333333333333333333333333333333000000000000000000000000000000000000000000000000000000000000000
00000000000000000000000000000000000000000000000000000000000000000000000000333333333333333333333333333333330000000000000000000000000000000000000000000000000000000000000
00000000000000000000000000000000000000000000000000000000000000000000000000000333333333333333333333333333333300000000000000000000000000000000000000000000000000000000000
00000000000000000000000000000000000000000000000000000000000000000000000000000000333333333333333333333333333330000000000000000000000000000000000000000000000000000000000
00000000000000000000000000000000000000000000000000000000000000000000000000000000000033333333333333333333333333300000000000000000000000000000000000000000000000000000000
00000000000000000000000000000000000000000000000000000000000000000000000000000000000000033333333333333333333333330000000000000000000000000000000000000000000000000000000
00000000000000000000000000000000000000000000000000000000000000000000000000000000000000000344444444444444444444444000000000000000000000000000000000000000000000000000000
00000000000000000000000000000000000000000000000000000000000000000000000000000000000000444444444444444444444444444444400000000000000000000000000000000000000000000000000
00000000000000000000000000000000000000000000000000000000000000000000000000000000000004444444444444444444444444444444444000000000000000000000000000000000000000000000000
00000000000000000000000000000000000000000000000000000000000000000000000000000000000004444444444444444444444444444444444000000000000000000000000000000000000000000000000
00000000000000000000000000000000000000000000000000000000000000000000000000000000000004444444444444444444444444444444440000000000000000000000000000000000000000000000000
00000000000000000000000000000000000000000000000000000000000000000000000000000000000000044444444444444444444444444440000000000000000000000000000000000000000000000000000
00000000000000000000000000000000000000000000000000000000000000000000000000000000000000000044444444444444444400000000000000000000000000000000000000000000000000000000000