00000000000000000000000000000000000000000000000000000000000000000000000000000000000000000000000000000000000000000000000000000000000000000000000000000000000000000000000
00000000000000000000000000000000000000000000000000000000000000000000000000000000000000000000000000000000000000000000000000000000000000000000022222222222222222222222000
00000000000000000000000000000000000000000000000000000000000000000000000000000000000000000000000000000000000000000000000000000000000000000002222222222222222222222222220
00000000000000000000000000000000000000000000000000000000000000000000000000000000000000000000000000000000000000000000000000000000000000000022222222222222222222222222222
00000000000000000000000000000000000000000000000000000000000000000000000000000000000000000000000000000000000000000000000000000000000000000002222222222222222222222222220
00000000000000000000000000000000000000000000000000000000000000000000000000000000000000000000000000000000000000000000000000000000000000000000022222222222222222222222000
00000000000000000000000000000000000000000000000000000000000000000000000000000000000000000000000000000000000000000000000000000000000000000000222222222222222222220000000
00000000000000000000000000000000000000000000000000000000000000000000000000000000000000000000000000000000000000000000000000000000000000000000222222222222222222200000000
00000000000000000000000000000000000000000000000000000000000000000000000000000000000000000000000000000000000000000000000000000000000000000002222222222222222222200000000
00000000000000000000000000000000000000000000000000000000000000000000000000000000000000000000000000000000000000000000000000000000000000000002222222222222222222200000000
00000000000000000000000000000000000000000000000000000000000000000000000000000000000000000000000000000000000000000000000000000000000000000022222222222222222222200000000
00000000000000000000000000000000000000000000000000000000000000000000000000000000000000000000000000000000000000000000000000000000000000000022222222222222222222200000000
00000000000000000000000000000000000000000000000000000000000000000000000000000000000000000000000000000000000000000000000000000000000000000222222222222222222222200000000
00000000000000000000000000000000000000000000000000000000000000000000000000000000000000000000000000000000000000000000000000000000000000000222222222222222222222000000000
00000000000000000000000000000000000000000000000000000000000000000000000000000000000000000000000000000000000000000000000000000000000000002222222222222222222222000000000
00000000000000000000000000000000000000000000000000000000000000000000000000000000000000000000000000000000000000000000000000000000000000002222222222222222222222000000000
00000000000000000000000000000000000000000000000000000000000000000000000000000000000000000000000000000000000000000000000000000000000000022222222222222222222222000000000
00000000000000000000000000000000000000000000000000000000000000000000000000000000000000000000000000000000000000000000000000000000000000022222222222222222222222000000000
00000000000000000000000000000000000000000000000000000000000000000000000000000000000000000000000000000000000000000000000000000000000000222222222222222223333333000000000
00000000000000000000000000000000000000000000000000000000000000000000000000000000200000000000000000000000000000000000000000000000000000222222223333333333333333000000000
00000000000000000000000000000000000000000000000000000000000000000000000000000002200000000000000000000000000000000000000000000000000022233333333333333333333330000000000
00000000000000000000000000000000000000000000000000000000000000000000000000000022000000000000000000000000000000000000000000000000003333333333333333333333333330000000000
00000000000000000000000000000000000000000000000000000000000000000000000000000220000000000000000000000000000000000000000000000000333333333333333333333333333330000000000
00000000000000000000000000000000000000000000000000220000000000000000000000002220000000000000000000000000000000000002000000000033333333333333333333333333333330000000000
00000000000000000000000000000000000000000000000002220000000000000000000000022222000000000000000000000000000000000022000000003333333333333333333333333333333330000000000
00000000000000000000000000000000000000000000000022222222222222222222222222222222222222222222000000000000000000000220000000333333333333333333333333333333333330000000000
00000000000000000000000000000000000000000000000222222222222222222222222222222222222222222222222222200000000000003300000033333333333333333333333333333333333300000000000
00000000000000000000000000000000000000000000222222222222222222222222222222222222222222222222222222222222200000033300003333333333333333333333333333333333333300000000000
00000000000000000000000000000000000000000022222222222222222222222222222222222222222222222222222222222222222333333330333333333333333333333333333333333333333300000000000
00000000000000000000000000000000000000000111111111111222222211111111111111111111111111111111111111111122233333333333333333333333333333333333333333333333333300000000000
00000000000000000000000000000000000000001111111111111122222111111111111111111111111111111111111111111113333333333333333333333333333333333333333333333332222200000000000
00000000000000000000000000000000000000011111111111111122222111111111111111111111111111111111111111111113333333333333333333333333333333333333332222222222222200000000000
00000000000000000000000000000000000000111111111111111122222111111111111111111111111111111111111111111113333333222222222222233333333333322222222222222222222000000000000
00000000000000000000000000000000000001111111111111111122222111111111111111111111111111111111111111111113333111222222222222222222332222222222222222222222222000000000000
00000000000000000000000000000000000011111111111111111122222111111111111111111111111111111111111111111113331111222222222222222222222222222222222222222222222000000000000
00000000000000000000000000000000000111111111111111111122222111111111111111111111111111111111111111111113331111122222222222222222222222222222222222222222222000000000000
00000000000000000000000000000000001111111111111111111122222111111111111111111111111111111111111111111113311111122222222222222222222222222222222222222222222220000000000
00000000000000000000000000000000211111111111111111111122222111111111111111111111111111111111111111111113311111122222222222222222222222222222222222222222222222000000000
00000000000000000000000000000222211111111111111111111122222111111111111111111111111111111111111111111113311111122222222222222222222222222222222222222222222222000000000
00000000000000000000000000022222211111111111111111111122222111111111111111111111111111111111111111111113311111122222222222222222222222222222222222222222222222000000000
00000000000000000000000022222222211111111111111111111122222111111111111111111111111111111111111111111113311111122222222222222222222222222222222222222222222222000000000
00000000000000000000222222222222211111111111111111111122222111111111144444111111144444111111111111111113311111122222222222222222222222222222222222222222222222000000000
00000000000000002222222222222222211111111111111111111122222111111111444444411111444444411111111111111112211111122222222222222222222222222222222222222222222222000000000
00000000000022222222222222222222211111111111111111111122222111111111444444411111444444411111111111111112211111122222222222222222222222222222222222222222222220000000000
00000000022222222222222222222222211111111111111111111122222111111111444444411111444444411111111111111112211111122222222222222222222222222222222222222222222200000000000
00000002222222222222222222222222211111111111111111111122222111111111444444411111444444411111111111111112221111222222222222222222222222222222222222222220000000000000000
00002222222222222222222222222222211111111111111111111123333111111444441444411444441444411111111111111112221111222222222222222222222222222222222222000000000000000000000
00222222222222222222222222222222211111111111111111111133333111111111441111111111441111111111111111111112222112222222222222222222222222222222220000000000000000000000000
02222222222222222222222222222222211111111111111111111133333111114444444444414444444444411111111111111112222222222222222222222222222222222200000000000000000000000000000
22222222222222222222223333333333311111111111111111111133333111111444444444111444444444111111111111111112222222222222222222222222222222000000000000000000000000000000000
22222222222233333333333333333333331111111111111111111333333311111111111111111111111111111111111111111122222222222222222222222222200000000000000000000000000000000000000
33333333333333333333333333333333333333333333333333333333333333333333333333333333322222222222222222222222222222222222222222222000000000000000000000000000000000000000000
33333333333333333333333333333333333333333333333333333333333333333333333333333322222222222222222222222222222222222222222220000000000000000000000000000000000000000000000
03333333333333333333333333333333333333333333333333333333333333333333333333333222222222222222222222222222222222222222200000000000000000000000000000000000000000000000000
00333333333333333333333333333333333333333333333333333333333333333333333333222222222222222222222222222222222222222000000000000000000000000000000000000000000000000000000
00003333333333333333333333333333333333333333333333333333333333333333333322222222222222222222222222222222222200000000000000000000000000000000000000000000000000000000000
00000003333333333333333333333333333333333333333333333333333333333333322222222222222222222222222222222220000000000000000000000000000000000000000000000000000000000000000
00000000000033333333333333333333333333333333333333333333333333333322222222222222222222222222222222222222000000000000000000000000000000000000000000000000000000000000000
00000000000000000000000000000000000000000000000000000000000000000000000000222222222222222222222222222222220000000000000000000000000000000000000000000000000000000000000
00000000000000000000000000000000000000000000000000000000000000000000000000000222222222222222222222222222222200000000000000000000000000000000000000000000000000000000000
00000000000000000000000000000000000000000000000000000000000000000000000000000000222222222222222222222222222220000000000000000000000000000000000000000000000000000000000
00000000000000000000000000000000000000000000000000000000000000000000000000000000000022222222222222222222222222200000000000000000000000000000000000000000000000000000000
00000000000000000000000000000000000000000000000000000000000000000000000000000000000000022222222222222222222222220000000000000000000000000000000000000000000000000000000
00000000000000000000000000000000000000000000000000000000000000000000000000000000000000000222222222222222222222222000000000000000000000000000000000000000000000000000000
00000000000000000000000000000000000000000000000000000000000000000000000000000000000000222222222222222222222222222222200000000000000000000000000000000000000000000000000
00000000000000000000000000000000000000000000000000000000000000000000000000000000000002222222222222222222222222222222222000000000000000000000000000000000000000000000000
00000000000000000000000000000000000000000000000000000000000000000000000000000000000002222222222222222222222222222222222000000000000000000000000000000000000000000000000
00000000000000000000000000000000000000000000000000000000000000000000000000000000000002222222222222222222222222222222220000000000000000000000000000000000000000000000000
00000000000000000000000000000000000000000000000000000000000000000000000000000000000000022222222222222222222222222220000000000000000000000000000000000000000000000000000
00000000000000000000000000000000000000000000000000000000000000000000000000000000000000000022222222222222222200000000000000000000000000000000000000000000000000000000000