00000000000000000000000000000000000000000000000000000000000000000000000000000000000000000000000000000000000000000000000000000000000000000000000000000000000000000000000
00000000000000000000000000000000000000000000000000000000000000000000000000000000000000000000000000000000000000000000000000000000000000000000022222222222222222222222000
00000000000000000000000000000000000000000000000000000000000000000000000000000000000000000000000000000000000000000000000000000000000000000002222222222222222222222222220
00000000000000000000000000000000000000000000000000000000000000000000000000000000000000000000000000000000000000000000000000000000000000000022222222222222222222222222222
00000000000000000000000000000000000000000000000000000000000000000000000000000000000000000000000000000000000000000000000000000000000000000002222222222222222222222222220
00000000000000000000000000000000000000000000000000000000000000000000000000000000000000000000000000000000000000000000000000000000000000000000022222222222222222222222000
00000000000000000000000000000000000000000000000000000000000000000000000000000000000000000000000000000000000000000000000000000000000000000000222222222222222222220000000
00000000000000000000000000000000000000000000000000000000000000000000000000000000000000000000000000000000000000000000000000000000000000000000222222222222222222200000000
00000000000000000000000000000000000000000000000000000000000000000000000000000000000000000000000000000000000000000000000000000000000000000002222222222222222222200000000
00000000000000000000000000000000000000000000000000000000000000000000000000000000000000000000000000000000000000000000000000000000000000000002222222222322224222200000000
00000000000000000000000000000000000000000000000000000000000000000000000000000000000000000000000000000000000000000000000000000000000000000022222222222322224222200000000
00000000000000000000000000000000000000000000000000000000000000000000000000000000000000000000000000000000000000000000000000000000000000000022222222222322224222200000000
00000000000000000000000000000000000000000000000000000000000000000000000000000000000000000000000000000000000000000000000000000000000000000222222222223322244222200000000
00000000000000000000000000000000000000000000000000000000000000000000000000000000000000000000000000000000000000000000000000000000000000000222222222223322244222000000000
00000000000000000000000000000000000000000000000000000000000000000000000000000000000000000000000000000000000000000000000000000000000000002222222222233222244222000000000
00000000000000000000000000000000000000000000000000000000000000000000000000000000000000000000000000000000000000000000000000000000000000002222222222333222444222000000000
00000000000000000000000000000000000000000000000000000000000000000000000000000000000000000000000000000000000000000000000000000000000000022222222223332222444222000000000
00000000000000000000000000000000000000000000000000000000000000000000000000000000000000000000000000000000000000000000000000000000000000022222222233322224442222000000000
00000000000000000000000000000000000000000000000000000000000000000000000000000000000000000000000000000000000000000000000000000000000000222222233332222244442222000000000
00000000000000000000000000000000000000000000000000000000000000000000000000000000200000000000000000000000000000000000000000000000000000222222222222222444422222000000000
00000000000000000000000000000000000000000000000000000000000000000000000000000002200000000000000000000000000000000000000000000000000022222222222222224444222220000000000
00000000000000000000000000000000000000000000000000000000000000000000000000000022000000000000000000000000000000000000000000000000002222222222222222444442222220000000000
00000000000000000000000000000000000000000000000000000000000000000000000000000220000000000000000000000000000000000000000000000000222222222222222444444222222220000000000
00000000000000000000000000000000000000000000000000220000000000000000000000002220000000000000000000000000000000000002000000000022222222222444444444422222222220000000000
00000000000000000000000000000000000000000000000002220000000000000000000000022222000000000000000000000000000000000022000000002222222222222222222222222222222220000000000
00000000000000000000000000000000000000000000000022222222222222222222222222222222222222222222000000000000000000000220000000222222222222222222222222222222222220000000000
00000000000000000000000000000000000000000000000222222222222222222222222222222222222222222222222222200000000000002200000022222222222222222222222222222222222200000000000
00000000000000000000000000000000000000000000222222222222222222222222222222222222222222222222222222222222200000022200002222222222222222222222222222222222222200000000000
00000000000000000000000000000000000000000022222222222222222222222222222222222222222222222222222222222222222222222220222222222222222222222222222222222222222200000000000
00000000000000000000000000000000000000000111111111111222222211111111111111111111111111111111111111111122222222222222222222222222222222222222222222222222222200000000000
00000000000000000000000000000000000000001111111111111122222111111111111111111111111111111111111111111113333222222222222222222222222222222222222222222222222200000000000
00000000000000000000000000000000000000011111111111111122222111111111111111111111111111111111111111111113333333322222222222222222222222222222222222222222222200000000000
00000000000000000000000000000000000000111111111111111122222111111111111111111111111111111111111111111112222222222222222222222222222222222222222222222222222000000000000
00000000000000000000000000000000000001111111111111111122222111111111111111111111111111111111111111111112222111222222222222222222222222222222222222222222222000000000000
00000000000000000000000000000000000011111111111111111122222111111111111111111111111111111111111111111112221111222222222222222222222222222222222222222222222000000000000
00000000000000000000000000000000000111111111111111111122222111111111111111111111111111111111111111111114441111124444444444444222222222222222222222222222222000000000000
00000000000000000000000000000000001111111111111111111122222111111111111111111111111111111111111111111114411111124444444444444442222222222222222222222222222220000000000
00000000000000000000000000000000211111111111111111111122222111111111111111111111111111111111111111111114411111122222222222224444422222222222222222222222222222000000000
00000000000000000000000000000222211111111111111111111122222111111111111111111111111111111111111111111112211111122222222222222222222222222222222222222222222222000000000
00000000000000000000000000022222211111111111111111111122333111111111111111111111111111111111111111111112211111122222222222222222222222222222222222222222222222000000000
00000000000000000000000022222222211111111111111111111133333111111111111111111111111111111111111111111112211111122222222222222222222222222222222222222222222222000000000
00000000000000000000222222222222211111111111111111111133322111111111144444111111144444111111144444111112211111122222222222222223333333333332222222222222222222000000000
00000000000000002222222222222222211111111111111111111122222111111111444444411111444444411111444444411112211111122222222222222333333333333332222222222222222222000000000
00000000000022222222222222222233311111111111111111111122244111111111444444411111444444411111444444411112211111122222222222233333322222222222333333322222222220000000000
00000000022222222222222222233333311111111111111111111144444111111111444444411111444444411111444444411112211111122222222222322222222222222233333333333332222200000000000
00000002222222222222223333333322211111111111111111111144222111111111444444411111444444411111444444411112221111222222222222222222222222222222222222222220000000000000000
00002222222222222233333333332222211111111111111111111122222111111444441444411444441444411444441444411112221111222222222222222222222222222222222222000000000000000000000
00222222222222233333333222222224411111111111111111111122222111111111441111111111441111111111441111111112222112222222222222222222222222222222220000000000000000000000000
02222222222333333222222222444444411111111111111111111122222111114444444444414444444444414444444444411112222222222222222222222222222222222200000000000000000000000000000
22222222222222222222224444444422211111111111111111111122222111111444444444111444444444111444444444111112222222222222222222222222222222000000000000000000000000000000000
22222222222222244444444442222222221111111111111111111222222211111111111111111111111111111111111111111122222222222222222222222222200000000000000000000000000000000000000
22222222222222222222222222222222222222222222222222222222222222222222222222222222222222222222222222222222222222222222222222222000000000000000000000000000000000000000000
22222222222222222222222222222222222222222222222222222222222222222222222222222222222222222222222222222222222222222222222220000000000000000000000000000000000000000000000
02222222222222222222222222222222222222222222222222222222222222222222222222222222222222222222222222222222222222222222200000000000000000000000000000000000000000000000000
00222222222222222222222222222222222222222222222222222222222222222222222222222222222222222222222222222222222222222000000000000000000000000000000000000000000000000000000
00002222222222222222222222222222222222222222222222222222222222222222222222222222222222222222222222222222222200000000000000000000000000000000000000000000000000000000000
00000002222222222222222222222222222222222222222222222222222222222222222222222222222222222222222222222220000000000000000000000000000000000000000000000000000000000000000
00000000000022222222222222222222222222222222222222222222222222222222222222222222222222222222222222222222000000000000000000000000000000000000000000000000000000000000000
00000000000000000000000000000000000000000000000000000000000000000000000000222222222222222222222222222222220000000000000000000000000000000000000000000000000000000000000
00000000000000000000000000000000000000000000000000000000000000000000000000000222222222222222222222222222222200000000000000000000000000000000000000000000000000000000000
00000000000000000000000000000000000000000000000000000000000000000000000000000000222222222222222222222222222220000000000000000000000000000000000000000000000000000000000
00000000000000000000000000000000000000000000000000000000000000000000000000000000000022222222222222222222222222200000000000000000000000000000000000000000000000000000000
00000000000000000000000000000000000000000000000000000000000000000000000000000000000000022222222222222222222222220000000000000000000000000000000000000000000000000000000
00000000000000000000000000000000000000000000000000000000000000000000000000000000000000000222222222222222222222222000000000000000000000000000000000000000000000000000000
00000000000000000000000000000000000000000000000000000000000000000000000000000000000000222222222222222222222222222222200000000000000000000000000000000000000000000000000
00000000000000000000000000000000000000000000000000000000000000000000000000000000000002222222222222222222222222222222222000000000000000000000000000000000000000000000000
00000000000000000000000000000000000000000000000000000000000000000000000000000000000002222222222222222222222222222222222000000000000000000000000000000000000000000000000
00000000000000000000000000000000000000000000000000000000000000000000000000000000000002222222222222222222222222222222220000000000000000000000000000000000000000000000000
00000000000000000000000000000000000000000000000000000000000000000000000000000000000000022222222222222222222222222220000000000000000000000000000000000000000000000000000
00000000000000000000000000000000000000000000000000000000000000000000000000000000000000000022222222222222222200000000000000000000000000000000000000000000000000000000000