000000000000000000000000000000000000000000000000000000000000000000000000000000000000000000000000000000000000000000000000000000000000000000000000000000000000000000000000000000000004444444444444400000000000
000000000000000000000000000000000000000000000000000000000000000000000000000000000000000000000000000000000000000000000000000000000000000000000000000000000000000000000000000000000444444444444444444400000000
000000000000000000000000000000000000000000000000000000000000000000000000000000000000000000000000000000000000000000000000000000000000000000000000000000000000000000000000000000044444444444444444444444000000
000000000000000000000000000000000000000000000000000000000000000000000000000000000000000000000000000000000000000000000000000000000000000000000000000000000000000000000000000000444444444444444444444444400000
000000000000000000000000000000000000000000000000000000000000000000000000000000000000000000000000000000000000000000000000000000000000000000000000000000000000000000000000000004444444444444444444444444444400
000000000000000000000000000000000000000000000000000000000000000000000000000000000000000000000000000000000000000000000000000000000000000000000000000000000000000000000000000044444444444444444444444444444444
000000000000000000000000000000000000000000000000000000000000000000000000000000000000000000000000000000000000000000000000000000000000000000000000000000000000000000000000000444444444444444444444444444444444
000000000000000000000000000000000000000000000000000000000000000000000000000000000000000000000000000000000000000000000000000000000000000000000000000000000000000000000000004444444444444444444444444444400000
000000000000000000000000000000000000000000000000000000000000000000000000000000000000000000000000000000000000000000000000000000000000000000000000000000000000000000000000044444444444444444444444444444000000
000000000000000000000000000000000000000000000000000000000000000000000000000000000000000000000000000000000000000000000000000000000000000000000000000000000000000000000000444444442222222222222222244444000000
000000000000000000000000000000000000000000000000000000000000000000000000000000000000000000000000000000000000000000000000000000000000000000000000000000000000000000000004442222222222222222222222222220000000
000000000000000000000000000000000000000000000000000000000000000000000000000000000000000000000000000000000000000000000000000000000000000000000000000000000000000000000042222222222222222222222222222220000000
000000000000000000000000000000000000000000000000000000000000000000000000000000000000000000000000000000000000000000000000000000000000000000000000000000000000000000000222222222222222444444444444444200000000
000000000000000000000000000000000000000000000000000000000000000000000000000000000000000000000000000000000000000000000000000000000000000000000000000000000000000000002222222222244444444444444444444400000000
000000000000000000000000000000000000000000000000000000000000000000000000000000000000000000000000000000000000000000000000000000000000000000000000000000000000000000022222222244444444444433333333333000000000
000000000000000000000000000000000000000000000000000000000000000000000000000000000000000000000000000000000000000000000000000000000000000000000000000000000000000000222222224444444443333333333333333000000000
000000000000000000000000000000000000000000000000000000000000000000000000000000000000000000000000000000000000000000000000000000000000000000000000000000000000000002222222444444443333333333333333330000000000
000000000000000000000000000000000000000000000000000000000000000000000000000000000000000000000000000000000000000000000000000000000000000000000000000000000000000022222224444444333333333333333333330000000000
000000000000000000000000000000000000000000000022222222222222220000000000000000000000000000000000000000000000000000000000000000000000000000000000000000000000000222222244444443333333333333333333300000000000
000000000000000000000000000000000000000022222222222222222222222222222222220000000000000000000000000000000000000000000000000000000000000000000000000000000000002222222244444433333333333333333333300000000000
000000000000000000000000000000000000222222222222222222222222222222222222222222222222222200000000000000000000000000000000000000000000000000000000000000000000022222222244444433333333333333333333000000000000
000000000000000000000000000000002222222222222222222222222222222222222222222222222222222222222222222222000000000000000000000000000000000000000000000000000004442222222244444443333333333333333333000000000000
000000000000000000000000000000021111111111112222222222222222222222222222222222222222222222222222222222222222222222220000000000000000000000000000444444444444442222222224444444333333333333333330000000000000
000000000000000000000000000000211111111111111222222222222222222222222222222222222222222222222222222222222222222222222222222222200000000000000004444444444444444222222222444444443333333333333330000000000000
000000000000000000000000000002111111111111111222222222222222222222222222222222222222222222222222222222222222222222222222222222222222222000000004444444444444444422222222224444444443333333333300000000000000
000000000000000000000000000021111111111111111222222222222222222222222222222222222222222222222222222222222222222222222222222222222222222222222224444444444444444444222222222244444444444433333300000000000000
000000000000000000000000000211111111111111111222222222222222222222222222222222222222222222222222222222222222222222222222222222222222222222222222222244444444444444442222222222244444444444444000000000000000
000000000000000000000000002111111111111111111222222222222222222222222222222222222222222222222222222222222222222222222222222222222222222222222222222222224444444444444442222222222222444444444000000000000000
000000000000000000000000021111111111111111111222222222222222222222222222222222222222222222222222222222222222222222222222222222222222222222222222222222222222444444444444442222222222222222220000000000000000
000000000000000000000000211111111111111111111222222222222222222222222222222222222222222222222222222222222222222222222222222222222222222222222222222222222222222244444444444444442222222222220000000000000000
000000000000000000222222111111111111111111111222222111111111111111111111111111111111111111111111111111111111111111111111111111111111111111111111111111111222222222244444444444444444444444400000000000000000
000000000000002222222222111111111111111111111222221111111111111111111111111111111111111111111111111111111111111111111111111111111111111111111111111111111122222222222244444444444444444444400000000000000000
000000000002222222222222111111111111111111111222221111111111111111111111111111111111111111111111111111111111111111111111111111111111111111111111111111111144442222222222244444444444444444000000000000000000
000000000222222222222222111111111111111111111222221111111111111111111111111111111111111111111111111111111111111111111111111111111111111111111111111111111144444444444422222244444444444444000000000000000000
000000002222222222222222111111111111111111111444441111111111111111111111111111111111111111111111111111111111111111111111111111111111111111111111111111111144444444444444444442244444444440000000000000000000
000000222222222222222222111111111111111111111444441111111111111111111111111111111111111111111111111111111111111111111111111111111111111111111111111111111144444444444444444444444444444440000000000000000000
000002222222222222222222111111111111111111111444441111111111111111111111111111111111111111111111111111111111111111111111111111111111111111111111111111111133444444444444444444444444444400000000000000000000
000022222222222222222222111111111111111111111444441111111111111111111111111111111111111111111111111111111111111111111111111111111111111111111111111111111133333333333333333333334444444000000000000000000000
000222222222222222222222111111111111111111111444441111111111111111111111111111111111111111111111111111111111111111111111111111111111111111111111111111111133333333333333333333333333330000000000000000000000
000222222222222222222222111111111111111111111444441111111111111111111111111111111111111111111111111111111111111111111111111111111111111111111111111111111133333333333333333333333333330000000000000000000000
002222222222222222222244111111111111111111111444331111111111111111111111111111111111111111111111111111111111111111111111111111111111111111111111111111111133333333333333333333333333330000000000000000000000
002222222222222222224444111111111111111111111333331111111111111111111111111111111111111111111111111111111111111111111111111111111111111111111111111111111133333333333333333333333333330000000000000000000000
022222222222222222444444111111111111111111111333331111111111444441111111444441111111444441111111444441111111444441111111444441111111444441111111444441111133333333333333333333333333330000000000000000000000
022222222222222224444444411111111111111111113333331111111114444444111114444444111114444444111114444444111114444444111114444444111114444444111114444444111133333333333333333333333333330000000000000000000000
222222222222222444444444444443333333333333333333331111111114444444111114444444111114444444111114444444111114444444111114444444111114444444111114444444111133333333333333333333333333300000000000000000000000
222222222222222444444444444333333333333333333333331111111114444444111114444444111114444444111114444444111114444444111114444444111114444444111114444444111133333333333333333333333333000000000000000000000000
222222222222224444444444433333333333333333333333331111111114444444111114444444111114444444111114444444111114444444111114444444111114444444111114444444111133333333333333333333333330000000000000000000000000
222222222222224444444444333333333333333333333333331111114444414444114444414444114444414444114444414444114444414444114444414444114444414444114444414444111133333333333333333333333300000000000000000000000000
222222222222224444444444333333333333333333333333331111111114411111111114411111111114411111111114411111111114411111111114411111111114411111111114411111111133333333333333333333333000000000000000000000000000
222222222222222444444444333333333333333333333333331111144444444444144444444444144444444444144444444444144444444444144444444444144444444444144444444444111133333333333333333333300000000000000000000000000000
222222222222222444444444433333333333333333333333331111114444444441114444444441114444444441114444444441114444444441114444444441114444444441114444444441111133333333333333333333000000000000000000000000000000
222222222222222224444444444333333333333333333333333111111111111111111111111111111111111111111111111111111111111111111111111111111111111111111111111111111333333333333333333300000000000000000000000000000000
022222222222222222444444444443333333333333333333333333333333333333333333333333333333333333333333333333333333333333333333333333333333333333333333333333333333333333333333330000000000000000000000000000000000
022222222222222222224444444444444333333333333333333333333333333333333333333333333333333333333333333333333333333333333333333333333333333333333333333333333333333333333333000000000000000000000000000000000000
002222222222222222222244444444444444433333333333333333333333333333333333333333333333333333333333333333333333333333333333333333333333333333333333333333333333333333333300000000000000000000000000000000000000
002222222222222222222222244444444444444444333333333333333333333333333333333333334444444444444444444444444444443333333333333333333333333333333333333333333333333333330000000000000000000000000000000000000000
000222222222222222222222222244444444444444444444333333333333333333333334444444444444444444444444444444444444444444444443333333333333333333333333333333333333333333000000000000000000000000000000000000000000
000222222222222222222222222222244444444444444444444444443333333333444444444444444444444444444444444444444444444444444444444433333333333333333333333333333333333300000000000000000000000000000000000000000000
000022222222222222222222222222222224444444444444444444444444444444444444444444444444444444444444444444444444444444444444444444443333333333333333333333333333300000000000000000000000000000000000000000000000
000002222222222222222222222222222222222244444444444444444444444444444444444444444444444444444444444444444444444444444444444444444433333333333333333333333300000000000000000000000000000000000000000000000000
000000222222222222222222222222222222222222222444444444444444444444444444444444444444444444444444444444444444444444444444444444444443333333333333333333330000000000000000000000000000000000000000000000000000
000000002222222222222222222222222222222222222222222244444444444444444444444444444444444444444444444444444444444444444444444444444444444444444444444440000000000000000000000000000000000000000000000000000000
000000000222222222222222222222222222222222222222222222222224444444444444444444444444444444444444444444444444444444444444444444444444444444444444400000000000000000000000000000000000000000000000000000000000
000000000002222222222222222222222222222222222222222222222222224444444444444444444444444444444444444444444444444444444444444444444444444444444400000000000000000000000000000000000000000000000000000000000000
000000000000002222222222222222222222222222222222222222222222222222444444444444444444444444444444444444444444444444444444444444444444444222000000000000000000000000000000000000000000000000000000000000000000
000000000000000000222222222222222222222222222222222222222222222222222224444444444444444444444444444444444444444444444444444444444444444000000000000000000000000000000000000000000000000000000000000000000000
000000000000000000000000000000000000000000000000000222222222222222222222222224444444444444444444444444444444444444444444444444444444444400000000000000000000000000000000000000000000000000000000000000000000
000000000000000000000000000000000000000000000000000000000000000000000000000000000044444444444444444444444444444444444444444444444444444440000000000000000000000000000000000000000000000000000000000000000000
000000000000000000000000000000000000000000000000000000000000000000000000000000000001144444444444444444444444444444444444444444444444444444000000000000000000000000000000000000000000000000000000000000000000
000000000000000000000000000000000000000000000000000000000000000000000000000000000001144444444444444444444444444444444444444444444444444444400000000000000000000000000000000000000000000000000000000000000000
000000000000000000000000000000000000000000000000000000000000000000000000000000000001144444444444444444444444444444444444444444444444444444400000000000000000000000000000000000000000000000000000000000000000
000000000000000000000000000000000000000000000000000000000000000000000000000000000001144444444444444444444444444444444444444444444444444444400000000000000000000000000000000000000000000000000000000000000000
000000000000000000000000000000000000000000000000000000000000000000000000000000000001144444444444444444444444444444444444444444444444444440000000000000000000000000000000000000000000000000000000000000000000
000000000000000000000000000000000000000000000000000000000000000000000000000000000001144444444444444444444444444444444444444444444444000000000000000000000000000000000000000000000000000000000000000000000000
000000000000000000000000000000000000000000000000000000000000000000000000000000000001144444444444444444444444444444444444440000000000000000000000000000000000000000000000000000000000000000000000000000000000
000000000000000000000000000000000000000000000000000000000000000000000000000000000001144444444444444444444444444444444444440000000000000000000000000000000000000000000000000000000000000000000000000000000000
000000000000000000000000000000000000000000000000000000000000000000000000000000000001144444444444444444444444444444444444440000000000000000000000000000000000000000000000000000000000000000000000000000000000
000000000000000000000000000000000000000000000000000000000000000000000000000000000001144444444444444444444444444444444444440000000000000000000000000000000000000000000000000000000000000000000000000000000000
000000000000000000000000000000000000000000000000000000000000000000000000000000000001144444444444444444444444444444444444440000000000000000000000000000000000000000000000000000000000000000000000000000000000
000000000000000000000000000000000000000000000000000000000000000000000000000000000001144444444444444444444444444444444444440000000000000000000000000000000000000000000000000000000000000000000000000000000000
000000000000000000000000000000000000000000000000000000000000000000000000000000000001144444444444444444444444444444444444440000000000000000000000000000000000000000000000000000000000000000000000000000000000
000000000000000000000000000000000000000000000000000000000000000000000000000000000001144444444444444444444444444444444444400000000000000000000000000000000000000000000000000000000000000000000000000000000000
000000000000000000000000000000000000000000000000000000000000000000000000000000000001144444444444444444444444444444444444000000000000000000000000000000000000000000000000000000000000000000000000000000000000
000000000000000000000000000000000000000000000000000000000000000000000000000000000001144444444444444444444444444444444400000000000000000000000000000000000000000000000000000000000000000000000000000000000000
000000000000000000000000000000000000000000000000000000000000000000000000000000000000144444444444444444444444444444400000000000000000000000000000000000000000000000000000000000000000000000000000000000000000
000000000000000000000000000000000000000000000000000000000000000000000000000000000000004444444444444444444444000000000000000000000000000000000000000000000000000000000000000000000000000000000000000000000000