000000000000000000000000000000000000000000000000000000000000000000000000000000000000000000000000000000000000000000000000000000000000000000000000000000000000000000000000000000000002222222222222200000000000
000000000000000000000000000000000000000000000000000000000000000000000000000000000000000000000000000000000000000000000000000000000000000000000000000000000000000000000000000000000222222222222222222400000000
000000000000000000000000000000000000000000000000000000000000000000000000000000000000000000000000000000000000000000000000000000000000000000000000000000000000000000000000000000022222222222222222224444000000
000000000000000000000000000000000000000000000000000000000000000000000000000000000000000000000000000000000000000000000000000000000000000000000000000000000000000000000000000000222222244444444444444444400000
000000000000000000000000000000000000000000000000000000000000000000000000000000000000000000000000000000000000000000000000000000000000000000000000000000000000000000000000000002222224444444444444444444444400
000000000000000000000000000000000000000000000000000000000000000000000000000000000000000000000000000000000000000000000000000000000000000000000000000000000000000000000000000022222244444444444444444444444444
000000000000000000000000000000000000000000000000000000000000000000000000000000000000000000000000000000000000000000000000000000000000000000000000000000000000000000000000000222222224444444444444444444444444
000000000000000000000000000000000000000000000000000000000000000000000000000000000000000000000000000000000000000000000000000000000000000000000000000000000000000000000000002222222222222222222444444333300000
000000000000000000000000000000000000000000000000000000000000000000000000000000000000000000000000000000000000000000000000000000000000000000000000000000000000000000000000022222222222222222224444443333000000
000000000000000000000000000000000000000000000000000000000000000000000000000000000000000000000000000000000000000000000000000000000000000000000000000000000000000000000000222222222222222222244444433333000000
000000000000000000000000000000000000000000000000000000000000000000000000000000000000000000000000000000000000000000000000000000000000000000000000000000000000000000000002222222222222222222444444333330000000
000000000000000000000000000000000000000000000000000000000000000000000000000000000000000000000000000000000000000000000000000000000000000000000000000000000000000000000022222222222222222224444443333330000000
000000000000000000000000000000000000000000000000000000000000000000000000000000000000000000000000000000000000000000000000000000000000000000000000000000000000000000000222222222222222222244444433333300000000
000000000000000000000000000000000000000000000000000000000000000000000000000000000000000000000000000000000000000000000000000000000000000000000000000000000000000000002222222222222222222444444333333300000000
000000000000000000000000000000000000000000000000000000000000000000000000000000000000000000000000000000000000000000000000000000000000000000000000000000000000000000022222222222222222224444443333333000000000
000000000000000000000000000000000000000000000000000000000000000000000000000000000000000000000000000000000000000000000000000000000000000000000000000000000000000000222222222222222222244444433333333000000000
000000000000000000000000000000000000000000000000000000000000000000000000000000000000000000000000000000000000000000000000000000000000000000000000000000000000000002222222222222222222444444333333330000000000
000000000000000000000000000000000000000000000000000000000000000000000000000000000000000000000000000000000000000000000000000000000000000000000000000000000000000022222222222222222224444443333333330000000000
000000000000000000000000000000000000000000000022222222222222220000000000000000000000000000000000000000000000000000000000000000000000000000000000000000000000000222222222222222222244444433333333300000000000
000000000000000000000000000000000000000022222222222222222222222222222222220000000000000000000000000000000000000000000000000000000000000000000000000000000000002222222222222222222444444333333333300000000000
000000000000000000000000000000000000222222222222222222222222222222222222222222222222222200000000000000000000000000000000000000000000000000000000000000000000022222222222222222224444443333333333000000000000
000000000000000000000000000000002222222222222222222222222222222222222222222222222222222222222222222222000000000000000000000000000000000000000000000000000002222222222222222222244444433333333333000000000000
000000000000000000000000000000021111111111112222222222222222222222222222222222222222222222222222222222222222222222220000000000000000000000000000222222222222222222222222222222444444333333333330000000000000
000000000000000000000000000000211111111111111222222222222222222222222222222222222222222222222222222222222222222222222222222222200000000000000002222222222222222222222222222224444443333333333330000000000000
000000000000000000000000000002111111111111111222222222222222222222222222222222222222222222222222222222222222222222222222222222222222222000000002222222222222222222222222222244444433333333333300000000000000
000000000000000000000000000021111111111111111222222222222222222222222222222222222222222222222222222222222222222222222222222222222222222222222222222222222222222222222222222444444333333333333300000000000000
000000000000000000000000000211111111111111111222222222222222222222222222222222222222222222222222222222222222222222222222222222222222222222222222222222222222222222222222224444443333333333333000000000000000
000000000000000000000000002111111111111111111222222222222222222222222222222222222222222222222222222222222222222222222222222222222222222222222222222222222222222222222222244444433333333333333000000000000000
000000000000000000000000021111111111111111111222222222222222222222222222222222222222222222222222222222222222222222222222222222222222222222222222222222222222222222222222444444333333333333330000000000000000
000000000000000000000000211111111111111111111222222222222222222222222222222222222222222222222222222222222222222222222222222222222222222222222222222222222222222222222224444443333333333333330000000000000000
000000000000000000222222111111111111111111111222222111111111111111111111111111111111111111111111111111111111111111111111111111111111111111111111111111111222222222222244444433333333333333300000000000000000
000000000000002222222222111111111111111111111222221111111111111111111111111111111111111111111111111111111111111111111111111111111111111111111111111111111122222222222244444333333333333333300000000000000000
000000000002222222222222111111111111111111111222221111111111111111111111111111111111111111111111111111111111111111111111111111111111111111111111111111111122222222222222243333333333333333000000000000000000
000000000222222222222222111111111111111111111222221111111111111111111111111111111111111111111111111111111111111111111111111111111111111111111111111111111122222222222222222233333333333333000000000000000000
000000002222222222222222111111111111111111111222221111111111111111111111111111111111111111111111111111111111111111111111111111111111111111111111111111111122222222222222222222233333333330000000000000000000
000000222222222222222222111111111111111111111222221111111111111111111111111111111111111111111111111111111111111111111111111111111111111111111111111111111122222222222222222222222233333330000000000000000000
000002222222222222222222111111111111111111111222221111111111111111111111111111111111111111111111111111111111111111111111111111111111111111111111111111111122222222222222222222222222333300000000000000000000
000022222222222222222222111111111111111111111222221111111111111111111111111111111111111111111111111111111111111111111111111111111111111111111111111111111122222222222222222222222222233000000000000000000000
000444444444444444444444111111111111111111111444441111111111111111111111111111111111111111111111111111111111111111111111111111111111111111111111111111111144444444444444444444444444440000000000000000000000
000444444444444444444444111111111111111111111444441111111111111111111111111111111111111111111111111111111111111111111111111111111111111111111111111111111144444444444444444444444444440000000000000000000000
004444444444444444444444111111111111111111111444441111111111111111111111111111111111111111111111111111111111111111111111111111111111111111111111111111111144444444444444444444444444440000000000000000000000
004444444444444444444444111111111111111111111444441111111111111111111111111111111111111111111111111111111111111111111111111111111111111111111111111111111144444444444444444444444444440000000000000000000000
044444444444444444444444111111111111111111111444441111111111444441111111444441111111444441111111444441111111111111111111111111111111111111111111111111111144444444444444444444444444440000000000000000000000
033333333333333333333333311111111111111111113333331111111114444444111114444444111114444444111114444444111111111111111111111111111111111111111111111111111133333333333333333333333333330000000000000000000000
333333333333333333333333333333333333333333333333331111111114444444111114444444111114444444111114444444111111111111111111111111111111111111111111111111111133333333333333333333333333300000000000000000000000
333333333333333333333333333333333333333333333333331111111114444444111114444444111114444444111114444444111111111111111111111111111111111111111111111111111133333333333333333333333333000000000000000000000000
333333333333333333333333333333333333333333333333331111111114444444111114444444111114444444111114444444111111111111111111111111111111111111111111111111111133333333333333333333333330000000000000000000000000
333333333333333333333333333333333333333333333333331111114444414444114444414444114444414444114444414444111111111111111111111111111111111111111111111111111133333333333333333333333300000000000000000000000000
333333333333333333333333333333333333333333333333331111111114411111111114411111111114411111111114411111111111111111111111111111111111111111111111111111111133333333333333333333333000000000000000000000000000
333333333333333333333333333333333333333333333333331111144444444444144444444444144444444444144444444444111111111111111111111111111111111111111111111111111133333333333333333333300000000000000000000000000000
333333333333333333333333333333333333333333333333331111114444444441114444444441114444444441114444444441111111111111111111111111111111111111111111111111111133333333333333333333000000000000000000000000000000
333333333333333333333333333333333333333333333333333111111111111111111111111111111111111111111111111111111111111111111111111111111111111111111111111111111333333333333333333300000000000000000000000000000000
033333333333333333333333333333333333333333333333333333333333333333333333333333333333333333333333333333333333333333333333333333333333333333333333333333333333333333333333330000000000000000000000000000000000
033333333333333333333333333333333333333333333333333333333333333333333333333333333333333333333333333333333333333333333333333333333333333333333333333333333333333333333333000000000000000000000000000000000000
003333333333333333333333333333333333333333333333333333333333333333333333333333333333333333333333333333333333333333333333333333333333333333333333333333333333333333333300000000000000000000000000000000000000
003333333333333333333333333333333333333333333333333333333333333333333333333333334444444444444444444444444444443333333333333333333333333333333333333333333333333333330000000000000000000000000000000000000000
000333333333333333333333333333333333333333333333333333333333333333333334444444444444444444444444444444444444444444444443333333333333333333333333333333333333333333000000000000000000000000000000000000000000
000333333333333333333333333333333333333333333333333333333333333333444444444444444444444444444444444444444444444444444444444433333333333333333333333333333333333300000000000000000000000000000000000000000000
000033333333333333333333333333333333333333333333333333333333334444444444444444444444444444444444444444444444444444444444444444443333333333333333333333333333300000000000000000000000000000000000000000000000
000003333333333333333333333333333333333333333333333333333333444444444444444444444444444444444444444444444444444444444444444444444433333333333333333333333300000000000000000000000000000000000000000000000000
000000333333333333333333333333333333333333333333333333333334444444444444444444444444444444444444444444444444444444444444444444444443333333333333333333330000000000000000000000000000000000000000000000000000
000000003333333333333333333333333333333333333333333333333334444444444444444444444444444444444444444444444444444444444444444444444444333333333333333330000000000000000000000000000000000000000000000000000000
000000000333333333333333333333333333333333333333333333333334444444444444444444444444444444444444444444444444444444444444444444444444433333333333300000000000000000000000000000000000000000000000000000000000
000000000003333333333333333333333333333333333333333333333333334444444444444444444444444444444444444444444444444444444444444444444444443333333300000000000000000000000000000000000000000000000000000000000000
000000000000003333333333333333333333333333333333333333333333333333444444444444444444444444444444444444444444444444444444444444444444444333000000000000000000000000000000000000000000000000000000000000000000
000000000000000000333333333333333333333333333333333333333333333333333334444444444444444444444444444444444444444444444444444444444444444000000000000000000000000000000000000000000000000000000000000000000000
000000000000000000000000000000000000000000000000000333333333333333333333333334444444444444444444444444444444444444444444444444444444444400000000000000000000000000000000000000000000000000000000000000000000
000000000000000000000000000000000000000000000000000000000000000000000000000000000044444444444444444444444444444444444444444444444444444440000000000000000000000000000000000000000000000000000000000000000000
000000000000000000000000000000000000000000000000000000000000000000000000000000000001144444444444444444444444444444444444444444444444444444000000000000000000000000000000000000000000000000000000000000000000
000000000000000000000000000000000000000000000000000000000000000000000000000000000001144444444444444444444444444444444444444444444444444444400000000000000000000000000000000000000000000000000000000000000000
000000000000000000000000000000000000000000000000000000000000000000000000000000000001144444444444444444444444444444444444444444444444444444400000000000000000000000000000000000000000000000000000000000000000
000000000000000000000000000000000000000000000000000000000000000000000000000000000001144444444444444444444444444444444444444444444444444444400000000000000000000000000000000000000000000000000000000000000000
000000000000000000000000000000000000000000000000000000000000000000000000000000000001144444444444444444444444444444444444444444444444444440000000000000000000000000000000000000000000000000000000000000000000
000000000000000000000000000000000000000000000000000000000000000000000000000000000001144444444444444444444444444444444444444444444444000000000000000000000000000000000000000000000000000000000000000000000000
000000000000000000000000000000000000000000000000000000000000000000000000000000000001144444444444444444444444444444444444440000000000000000000000000000000000000000000000000000000000000000000000000000000000
000000000000000000000000000000000000000000000000000000000000000000000000000000000001144444444444444444444444444444444444440000000000000000000000000000000000000000000000000000000000000000000000000000000000
000000000000000000000000000000000000000000000000000000000000000000000000000000000001144444444444444444444444444444444444440000000000000000000000000000000000000000000000000000000000000000000000000000000000
000000000000000000000000000000000000000000000000000000000000000000000000000000000001144444444444444444444444444444444444440000000000000000000000000000000000000000000000000000000000000000000000000000000000
000000000000000000000000000000000000000000000000000000000000000000000000000000000001144444444444444444444444444444444444440000000000000000000000000000000000000000000000000000000000000000000000000000000000
000000000000000000000000000000000000000000000000000000000000000000000000000000000001144444444444444444444444444444444444440000000000000000000000000000000000000000000000000000000000000000000000000000000000
000000000000000000000000000000000000000000000000000000000000000000000000000000000001144444444444444444444444444444444444440000000000000000000000000000000000000000000000000000000000000000000000000000000000
000000000000000000000000000000000000000000000000000000000000000000000000000000000001144444444444444444444444444444444444400000000000000000000000000000000000000000000000000000000000000000000000000000000000
000000000000000000000000000000000000000000000000000000000000000000000000000000000001144444444444444444444444444444444444000000000000000000000000000000000000000000000000000000000000000000000000000000000000
000000000000000000000000000000000000000000000000000000000000000000000000000000000001144444444444444444444444444444444400000000000000000000000000000000000000000000000000000000000000000000000000000000000000
000000000000000000000000000000000000000000000000000000000000000000000000000000000000144444444444444444444444444444400000000000000000000000000000000000000000000000000000000000000000000000000000000000000000
000000000000000000000000000000000000000000000000000000000000000000000000000000000000004444444444444444444444000000000000000000000000000000000000000000000000000000000000000000000000000000000000000000000000