000000000000000000000000000000000000000000000000000000000000000000000000000000000000000000000000000000000000000000000000000000000000000000000000000000000000000000000000000000000002444444444444400000000000
000000000000000000000000000000000000000000000000000000000000000000000000000000000000000000000000000000000000000000000000000000000000000000000000000000000000000000000000000000000222444444444444444400000000
000000000000000000000000000000000000000000000000000000000000000000000000000000000000000000000000000000000000000000000000000000000000000000000000000000000000000000000000000000022224444444444444444444000000
000000000000000000000000000000000000000000000000000000000000000000000000000000000000000000000000000000000000000000000000000000000000000000000000000000000000000000000000000000222244422222222222244444400000
000000000000000000000000000000000000000000000000000000000000000000000000000000000000000000000000000000000000000000000000000000000000000000000000000000000000000000000000000002222442222222222222222222222200
000000000000000000000000000000000000000000000000000000000000000000000000000000000000000000000000000000000000000000000000000000000000000000000000000000000000000000000000000022224422222222222222222222222222
000000000000000000000000000000000000000000000000000000000000000000000000000000000000000000000000000000000000000000000000000000000000000000000000000000000000000000000000000222244442222222222222222222222222
000000000000000000000000000000000000000000000000000000000000000000000000000000000000000000000000000000000000000000000000000000000000000000000000000000000000000000000000002222444444444444444444444444400000
000000000000000000000000000000000000000000000000000000000000000000000000000000000000000000000000000000000000000000000000000000000000000000000000000000000000000000000000022224444444444444444444444444000000
000000000000000000000000000000000000000000000000000000000000000000000000000000000000000000000000000000000000000000000000000000000000000000000000000000000000000000000000222244444444444444444444444444000000
000000000000000000000000000000000000000000000000000000000000000000000000000000000000000000000000000000000000000000000000000000000000000000000000000000000000000000000002222444444444444444444444444440000000
000000000000000000000000000000000000000000000000000000000000000000000000000000000000000000000000000000000000000000000000000000000000000000000000000000000000000000000022224444444444444444444444444440000000
000000000000000000000000000000000000000000000000000000000000000000000000000000000000000000000000000000000000000000000000000000000000000000000000000000000000000000000222244444444444444444444444444400000000
000000000000000000000000000000000000000000000000000000000000000000000000000000000000000000000000000000000000000000000000000000000000000000000000000000000000000000002222444444444444444444444444444400000000
000000000000000000000000000000000000000000000000000000000000000000000000000000000000000000000000000000000000000000000000000000000000000000000000000000000000000000022224444444444444444444444444444000000000
000000000000000000000000000000000000000000000000000000000000000000000000000000000000000000000000000000000000000000000000000000000000000000000000000000000000000000222244444444444444444444444444444000000000
000000000000000000000000000000000000000000000000000000000000000000000000000000000000000000000000000000000000000000000000000000000000000000000000000000000000000002222444444444444444444444444444440000000000
000000000000000000000000000000000000000000000000000000000000000000000000000000000000000000000000000000000000000000000000000000000000000000000000000000000000000022224444444444444444444444444444440000000000
000000000000000000000000000000000000000000000022222222222222220000000000000000000000000000000000000000000000000000000000000000000000000000000000000000000000000222244444444444444444444444444444400000000000
000000000000000000000000000000000000000022222222222222222222222222222222220000000000000000000000000000000000000000000000000000000000000000000000000000000000002222444444444444444444444444444444400000000000
000000000000000000000000000000000000222222222222222222222222222222222222222222222222222200000000000000000000000000000000000000000000000000000000000000000000022224444444444444444444444444444444000000000000
000000000000000000000000000000002222222222222222222222222222222222222222222222222222222222222222222222000000000000000000000000000000000000000000000000000002222244444444444444444444444444444444000000000000
000000000000000000000000000000021111111111112222222222222222222222222222222222222222222222222222222222222222222222220000000000000000000000000000222222222222222444444444444444444444444444444440000000000000
000000000000000000000000000000211111111111111222222222222222222222222222222222222222222222222222222222222222222222222222222222200000000000000002222222222222224444444444444444444444444444444440000000000000
000000000000000000000000000002111111111111111222222222222222222222222222222222222222222222222222222222222222222222222222222222222222222000000002222222222222244444444444444444444444444444444400000000000000
000000000000000000000000000021111111111111111222222222222222222222222222222222222222222222222222222222222222222222222222222222222222222222222222222222222222444444444444444444444444444444444400000000000000
000000000000000000000000000211111111111111111222222222222222222222222222222222222222222222222222222222222222222222222222222222222222222222222222222222222224444444444444444444444444444444444000000000000000
000000000000000000000000002111111111111111111222222222222222222222222222222222222222222222222222222222222222222222222222222222222222222222222222222222222244444444444444444444444444444444444000000000000000
000000000000000000000000021111111111111111111222222222222222222222222222222222222222222222222222222222222222222222222222222222222222222222222222222222222444444444444444444444444444444444440000000000000000
000000000000000000000000211111111111111111111222222222222222222222222222222222222222222222222222222222222222222222222222222222222222222222222222222222224444444444444444444444444444444444440000000000000000
000000000000000000333332111111111111111111111222222111111111111111111111111111111111111111111111111111111111111111111111111111111111111111111111111111111444444444444444444444444444444444400000000000000000
000000000000003333333332111111111111111111111222221111111111111111111111111111111111111111111111111111111111111111111111111111111111111111111111111111111144444444444444444444444444444444400000000000000000
000000000003333333333332111111111111111111111222221111111111111111111111111111111111111111111111111111111111111111111111111111111111111111111111111111111144444444444444444444444444444444000000000000000000
000000000333333333333332111111111111111111111222221111111111111111111111111111111111111111111111111111111111111111111111111111111111111111111111111111111144444444444444444444444444444444000000000000000000
000000003333333333333332111111111111111111111222221111111111111111111111111111111111111111111111111111111111111111111111111111111111111111111111111111111144444444444444444444444444444440000000000000000000
000000333333333333333332111111111111111111111222221111111111111111111111111111111111111111111111111111111111111111111111111111111111111111111111111111111144444444444444444444444444444440000000000000000000
000003333333333333333332111111111111111111111222221111111111111111111111111111111111111111111111111111111111111111111111111111111111111111111111111111111144444444444444444444444444444400000000000000000000
000033333333333333333332111111111111111111111222221111111111111111111111111111111111111111111111111111111111111111111111111111111111111111111111111111111144444444444444444444444444444000000000000000000000
000333333333333333333332111111111111111111111222221111111111111111111111111111111111111111111111111111111111111111111111111111111111111111111111111111111144444444444444444444444444440000000000000000000000
000333333333333333333332111111111111111111111222221111111111111111111111111111111111111111111111111111111111111111111111111111111111111111111111111111111144444444444444444444444444440000000000000000000000
003333333333333333333332111111111111111111111222221111111111111111111111111111111111111111111111111111111111111111111111111111111111111111111111111111111144444444444444444444444444440000000000000000000000
003333333333333333333332111111111111111111111222221111111111111111111111111111111111111111111111111111111111111111111111111111111111111111111111111111111144444444444444444444444444440000000000000000000000
033333333333333333333332111111111111111111111222221111111111111111111111111111111111111111111111111111111111111111111111111111111111111111111111111111111144444444444444444444444444440000000000000000000000
033333333333333333333332211111111111111111112222221111111111111111111111111111111111111111111111111111111111111111111111111111111111111111111111111111111144444444444444444444444444440000000000000000000000
333333333333333333333332222222222222222222222222221111111111111111111111111111111111111111111111111111111111111111111111111111111111111111111111111111111144444444444444444444444444400000000000000000000000
333333333333333333333332222222222222222222222222221111111111111111111111111111111111111111111111111111111111111111111111111111111111111111111111111111111144444444444444444444444444000000000000000000000000
333333333333333333333332222222222222222222222222221111111111111111111111111111111111111111111111111111111111111111111111111111111111111111111111111111111144444444444444444444444440000000000000000000000000
333333333333333333333332222222222222222222222222221111111111111111111111111111111111111111111111111111111111111111111111111111111111111111111111111111111144444444444444444444444400000000000000000000000000
333333333333333333333332222222222222222222222222221111111111111111111111111111111111111111111111111111111111111111111111111111111111111111111111111111111144444444444444444444444000000000000000000000000000
333333333333333333333332222222222222222222222222221111111111111111111111111111111111111111111111111111111111111111111111111111111111111111111111111111111144444444444444444444400000000000000000000000000000
333333333333333333333332222222222222222222222222221111111111111111111111111111111111111111111111111111111111111111111111111111111111111111111111111111111144444444444444444444000000000000000000000000000000
333333333333333333333332222222222222222222222222222111111111111111111111111111111111111111111111111111111111111111111111111111111111111111111111111111111444444444444444444400000000000000000000000000000000
033333333333333333333332222222222222222222222222222222222222222222222222222222222222222222222222222222222222222222222222222222222444444444444444444444444444444444444444440000000000000000000000000000000000
033333333333333333333332222222222222222222222222222222222222222222222222222222222222222222222222222222222222222222222222222222224444444444444444444444444444444444444444000000000000000000000000000000000000
003333333333333333333332222222222222222222222222222222222222222222222222222222222222222222222222222222222222222222222222222222244444444444444444444444444444444444444400000000000000000000000000000000000000
003333333333333333333332222222222222222222222222222222222222222222222222222222222222222222222222222222222222222222222222222222444444444444444444444444444444444444440000000000000000000000000000000000000000
000333333333333333333332222222222222222222222222222222222222222222222222222222222222222222222222222222222222222222222222222224444444444444444444444444444444444444000000000000000000000000000000000000000000
000333333333333333333334444444444444444444444444444444444444444444222222222222222222222222222222222222222222222222222222222244444444444444444444444444444444444400000000000000000000000000000000000000000000
000033333333333333333334444444444444444444444444444444444444442222222222222222222222222222222222222222222222222222222222222222224444444444444444444444444444400000000000000000000000000000000000000000000000
000003333333333333333334444444444444444444444444444444444444222222222222222222222222222222222222222222222222222222222222222222222244444444444444444444444400000000000000000000000000000000000000000000000000
000000333333333333333334444444444444444444444444444444444442222222222222222222222222222222222222222222222222222222222222222222222224444444444444444444440000000000000000000000000000000000000000000000000000
000000003333333333333334444444444444444444444444444444444442222222222222222222222222222222222222222222222222222222222222222222222222444444444444444440000000000000000000000000000000000000000000000000000000
000000000333333333333334444444444444444444444444444444444442222222222222222222222222222222222222222222222222222222222222222222222222244444444444400000000000000000000000000000000000000000000000000000000000
000000000003333333333334444444444444444444444444444444444444442222222222222222222222222222222222222222222222222222222222222222222222224444444400000000000000000000000000000000000000000000000000000000000000
000000000000003333333334444444444444444444444444444444444444444444222222222222222222222222222222222222222222222222222222222222222222222444000000000000000000000000000000000000000000000000000000000000000000
000000000000000000333334444444444444444444444444444444444444444444444442222222222222222222222222222222222222222222222222222222222222222000000000000000000000000000000000000000000000000000000000000000000000
000000000000000000000000000000000000000000000000000444444444444444444444444442222222222222222222222222222222222222222222222222222222222200000000000000000000000000000000000000000000000000000000000000000000
000000000000000000000000000000000000000000000000000000000000000000000000000000000022222222222222222222222222222222222222222222222222222220000000000000000000000000000000000000000000000000000000000000000000
000000000000000000000000000000000000000000000000000000000000000000000000000000000001144222222222222222222222222222222222222222222222222222000000000000000000000000000000000000000000000000000000000000000000
000000000000000000000000000000000000000000000000000000000000000000000000000000000001144444422222222222222222222222222222222222222222222222200000000000000000000000000000000000000000000000000000000000000000
000000000000000000000000000000000000000000000000000000000000000000000000000000000001144444444444222222222222222222222222222222222222222222200000000000000000000000000000000000000000000000000000000000000000
000000000000000000000000000000000000000000000000000000000000000000000000000000000001144444444444444422222222222222222222222222222222222222200000000000000000000000000000000000000000000000000000000000000000
000000000000000000000000000000000000000000000000000000000000000000000000000000000001144444444444444444444222222222222222222222222222222220000000000000000000000000000000000000000000000000000000000000000000
000000000000000000000000000000000000000000000000000000000000000000000000000000000001144444444444444444444444442222222222222222222222000000000000000000000000000000000000000000000000000000000000000000000000
000000000000000000000000000000000000000000000000000000000000000000000000000000000001144444444444444444444444444444444444440000000000000000000000000000000000000000000000000000000000000000000000000000000000
000000000000000000000000000000000000000000000000000000000000000000000000000000000001144444444444444444444444444444444444440000000000000000000000000000000000000000000000000000000000000000000000000000000000
000000000000000000000000000000000000000000000000000000000000000000000000000000000001144444444444444444444444444444444444440000000000000000000000000000000000000000000000000000000000000000000000000000000000
000000000000000000000000000000000000000000000000000000000000000000000000000000000001144444444444444444444444444444444444440000000000000000000000000000000000000000000000000000000000000000000000000000000000
000000000000000000000000000000000000000000000000000000000000000000000000000000000001144444444444444444444444444444444444440000000000000000000000000000000000000000000000000000000000000000000000000000000000
000000000000000000000000000000000000000000000000000000000000000000000000000000000001144444444444444444444444444444444444440000000000000000000000000000000000000000000000000000000000000000000000000000000000
000000000000000000000000000000000000000000000000000000000000000000000000000000000001144444444444444444444444444444444444440000000000000000000000000000000000000000000000000000000000000000000000000000000000
000000000000000000000000000000000000000000000000000000000000000000000000000000000001144444444444444444444444444444444444400000000000000000000000000000000000000000000000000000000000000000000000000000000000
000000000000000000000000000000000000000000000000000000000000000000000000000000000001144444444444444444444444444444444444000000000000000000000000000000000000000000000000000000000000000000000000000000000000
000000000000000000000000000000000000000000000000000000000000000000000000000000000001144444444444444444444444444444444400000000000000000000000000000000000000000000000000000000000000000000000000000000000000
000000000000000000000000000000000000000000000000000000000000000000000000000000000000144444444444444444444444444444400000000000000000000000000000000000000000000000000000000000000000000000000000000000000000
000000000000000000000000000000000000000000000000000000000000000000000000000000000000004444444444444444444444000000000000000000000000000000000000000000000000000000000000000000000000000000000000000000000000