0000000000000000000000000000000000000000000000000000000000000000000000000000000000000000000000000000000000000000000000000
0000000000000000000000000000000000000000000000000000000000000000000000000000000000000000000000000000000000033333300000000
0000000000000000000000000000000000000000000000000000000000000000000000000000000000000000000000000000000003333333333000000
0000000000000000000000000000000000000000000000000000000000000000000000000000000000000000000000000000000033333333333300000
0000000000000000000000000000000000000000000000000000000000000000000000000000000000000000000000000000000333333333333330000
0000000000000000000000000000000000000000000000000000000000000000000000000000000000000000000000000000003333333333333330000
0000000000000000000000000000000000000000000000000000000000000000000000000000000000000000000000000000003333333333333333000
0000000000000000000000000000000000000000000000000000000000000000000000000000000000000000000000000000033333333333333333000
0000000000000000000000000000000000000000000000000000000000000000000000000000000000000000000000000000033333333333333333300
0000000000000000000000000000000000000000000000000000000000000000000000000000000000000000000000000000333333333333333333300
0000000000000000000000000000000000000022222222222222222222000000000000000000000000000000000000000000333333333333333333330
0000000000000000000000000000000000000222222222222222222222222222222222200000000000000000000000000003333333333333333333330
0000000000000000000000000000000000002222222222222222222222222222222222222000000000000000000000000003333333333333333333330
0000000000000000000000000000000000002222222222222222222222222222222222222200000000000000000000000033333333333333333333333
0000000000000000000000000000000000000222222222222222222222222222222222222000000000000000000000000033333333333333333333333
0000000000000000000000000000000000000222222222222222222222222222222222222222000000000000000000000333333333333333333333333
0000000000000000000000000000000000002222222222222222222222222222222222222222222222222000000002222322222222222222222223333
0000000000000000000000000000000000011111111111122222211111111111111111122222222222222222222222222222222222222222222222333
0000000000000000000000000000000000111111111111112222111111111111111111112222222222222222222222223322222222222222222223333
0000000000000000000000000000000001111111111111112222111111111111111111112222222222222222222222223333222233222222333333333
0000000000000000000000000000000011111111111111112222111111111111111111112222222222222222222222333333322333322223333333333
0000000000000000000000000000000111111111111111112222111111111111111111112222222222222222222223333333332233332233333333333
0000000000000000000000000000001111111111111111112222111111111111111111112222222222222222222333333333333223332233333333330
0000000000000000000000000000011111111111111111112222111111111111111111112222222222222222233333333333333322332233333333330
0000000000000000000000000000111111111111111111112222111111111111111111112222222222223333333333333333333332232233333333330
0000000000000000033333333331111111111111111111113223111111111111111111113333333333333333333333333333333333222233333333300
0000003333333333333333333331111111111111111111113223111111111111111111113333333333333333333333333333333333322233333333300
0000044444444444444444444441111111111111111111114224111111111111111111114444444444444444444444444444444444422224444444000
0033333333333333333333333331111111111111111111113223111111111111111111113333333333333333333333333333333333222222333330000
0333333333333333333333333331111111111111111111113223111111111111111111113333333333333333333333333333333333222222333300000
3333333333333333333332222221111111111111111111112222111111111111111111112222222222222222222222222222222222222222220000000
0333333333333333332222222221111111111111111111112222111111111111111111112222222222222222222222222222222222222220000000000
0033333333333332222222222221111111111111111111112222111111111111111111112222222222222222222222222222222222221100000000000
0000033333333322222222222221111111111111111111112222111111111111111111112222222222222222222222222222222221101100000000000
0000003333332222222222222221111111111111111111112222111111111111111111112222222222222222222222222222220000111100000000000
0000003333322222222222222221111111111111111111112222111111111111111111112222222222222222222222222220000000011100000000000
0000000333222222222222222221111111111111111111112222111111111111111111112222222222222222222222220000000000001111000000000
0000000332222222222222222221111111111111111111112222111111111111111111112222222222222222222220000000000000000111100000000
0000000022222222222222222222111111111111111111122222211111111111111111122222222222222222220000000000000000001111110000000
0000000000222222222222222222222222222222222222222222222222222222222222222222222222222220000000000000000000001111110000000
0000000000002222222222222222222222222222222222222222222222222222222222222222222222220000000000000000000000000111100000000
0000000000000022222222222222222222222222222222222222222222222222222222222222222220000000000000000000000000000011000000000
0000000000000000022222222222222222222222222222222222222222222222222222222222220000000000000000000000000000000000000000000
0000000000000000000222222222222222222222222222222222222222222222222222222220000000000000000000000000000000000000000000000
0000000000000000000000222222222222222222222222222222222222222222222222220000000000000000000000000000000000000000000000000
0000000000000000000000002222222222222222222222222222222222222000000000000000000000000000000000000000000000000000000000000
0000000000000000000000000000000022222222222222200000000000000000000000000000000000000000000000000000000000000000000000000
0000000000000000000000000000000022222222222222000000000000000000000000000000000000000000000000000000000000000000000000000
0000000000000000000000000000000022222222222220000000000000000000000000000000000000000000000000000000000000000000000000000
0000000000000000000000000000000111112222222200000000000000000000000000000000000000000000000000000000000000000000000000000
0000000000000000000000000000011111111122122000000000000000000000000000000000000000000000000000000000000000000000000000000
0000000000000000000000000000111111111111110000000000000000000000000000000000000000000000000000000000000000000000000000000
0000000000000000000000000000111111111111110000000000000000000000000000000000000000000000000000000000000000000000000000000
0000000000000000000000000001111111111111111000000000000000000000000000000000000000000000000000000000000000000000000000000
0000000000000000000000000001111111111111111000000000000000000000000000000000000000000000000000000000000000000000000000000
0000000000000000000000000001111111111111111000000000000000000000000000000000000000000000000000000000000000000000000000000
0000000000000000000000000001111111111111111000000000000000000000000000000000000000000000000000000000000000000000000000000
0000000000000000000000000001111111111111111000000000000000000000000000000000000000000000000000000000000000000000000000000
0000000000000000000000000000111111111111110000000000000000000000000000000000000000000000000000000000000000000000000000000
0000000000000000000000000000111111111111110000000000000000000000000000000000000000000000000000000000000000000000000000000
0000000000000000000000000000011111111111100000000000000000000000000000000000000000000000000000000000000000000000000000000
0000000000000000000000000000000111111110000000000000000000000000000000000000000000000000000000000000000000000000000000000