0000000000000000000000000000000000000000000000000000000000000000000000000000000000000000000000000000000000000000000000000
0000000000000000000000000000000000000000000000000000000000000000000000000000000000000000000000000000000000022222200000000
0000000000000000000000000000000000000000000000000000000000000000000000000000000000000000000000000000000002222222222000000
0000000000000000000000000000000000000000000000000000000000000000000000000000000000000000000000000000000022222222222200000
0000000000000000000000000000000000000000000000000000000000000000000000000000000000000000000000000000000222222222222220000
0000000000000000000000000000000000000000000000000000000000000000000000000000000000000000000000000000002222222222222220000
0000000000000000000000000000000000000000000000000000000000000000000000000000000000000000000000000000002222222222222222000
0000000000000000000000000000000000000000000000000000000000000000000000000000000000000000000000000000022222222222222222000
0000000000000000000000000000000000000000000000000000000000000000000000000000000000000000000000000000022222222222222222200
0000000000000000000000000000000000000000000000000000000000000000000000000000000000000000000000000000222222222222222222200
0000000000000000000000000000000000000022222222222222222222000000000000000000000000000000000000000000222222222222222222220
0000000000000000000000000000000000000222222222222222222222222222222222200000000000000000000000000002222222222222222222220
0000000000000000000000000000000000002222222222222222222222222222222222222000000000000000000000000002222222222222222222220
0000000000000000000000000000000000002222222222222222222222222222222222222200000000000000000000000022222222222222222222222
0000000000000000000000000000000000000222222222222222222222222222222222222000000000000000000000000022222222222222222222222
0000000000000000000000000000000000000222222222222222222222222222222222222222000000000000000000000222222222222222222222222
0000000000000000000000000000000000002222222222222222222222222222222222222222222222222000000002222222222222222222222222222
0000000000000000000000000000000000011111111111122222211111111111111111122222222222222222222222222222222222222222222222222
0000000000000000000000000000000000111111111111112222111111111111111111112222222222222222222222222222222222222222222222222
0000000000000000000000000000000001111111111111112222111111111111111111112222222222222222222222222222222222222222222222222
0000000000000000000000000000000011111111111111112222111111111111111111112222222222222222222222222222222222222222222222222
0000000000000000000000000000000111111111111111112222111111111111111111112222222222222222222222222222222222222222222222222
0000000000000000000000000000001111111111111111112222111111111111111111112222222222222222222222222222222222222222222222220
0000000000000000000000000000011111111111111111112222111111111111111111112222222222222222222222222222222222222222222222220
0000000000000000000000000000111111111111111111112222111111111111111111112222222222222222222222222222222222222222222222220
0000000000000000022222222221111111111111111111112222111111111111111111112222222222222222222222222222222222222222222222200
0000003333342222222222222221111111111111111111112222111111111111111111112222222222222222222222222222222222222222222222200
0000033333342222222222222221111111111111111111112222111111111111111111112222222222222222222222222222222222222222222222000
0033333333342222244444444441111111111111111111114224111111111111111111114444444444444444444444444444444444222222444440000
0333333333342222224333333331111111111111111111113223111111111444441111113333333333333333333333333333333333222222333300000
3333333333342222222433333331111111111111111111113223111111114444444111113333333333333333333333333333333333322223330000000
0333333333342222222433333331111111111111111111113223111111114444444111113333333333333333333333333333333333333330000000000
0033333333342222224333333331111111111111111111113223111111114444444111113333333333333333333333333333333333331100000000000
0000033333342222244444444441111111111111111111114224111111114444444111114444444444444444444444444444444441101100000000000
0000003333342222222222222221111111111111111111112222111114444414444111112222222222222222222222222222220000111100000000000
0000003333342222222222222221111111111111111111112222111111114411111111112222222222222222222222222220000000011100000000000
0000000333342222222222222221111111111111111111112222111144444444444111112222222222222222222222220000000000001111000000000
0000000333342222222222222221111111111111111111112222111114444444441111112222222222222222222220000000000000000111100000000
0000000033342222222222222222111111111111111111122222211111111111111111122222222222222222220000000000000000001111110000000
0000000000342222222222222222222222222222222222222222222222222222222222222222222222222220000000000000000000001111110000000
0000000000002222222222222222222222222222222222222222222222222222222222222222222222220000000000000000000000000111100000000
0000000000000022222222222222222222222222222222222222222222222222222222222222222220000000000000000000000000000011000000000
0000000000000000022222222222222222222222222222222222222222222222222222222222220000000000000000000000000000000000000000000
0000000000000000000222222222222222222222222222222222222222222222222222222220000000000000000000000000000000000000000000000
0000000000000000000000222222222222222222222222222222222222222222222222220000000000000000000000000000000000000000000000000
0000000000000000000000002222222222222222222222222222222222222000000000000000000000000000000000000000000000000000000000000
0000000000000000000000000000000022222222222222200000000000000000000000000000000000000000000000000000000000000000000000000
0000000000000000000000000000000022222222222222000000000000000000000000000000000000000000000000000000000000000000000000000
0000000000000000000000000000000022222222222220000000000000000000000000000000000000000000000000000000000000000000000000000
0000000000000000000000000000000111112222222200000000000000000000000000000000000000000000000000000000000000000000000000000
0000000000000000000000000000011111111122122000000000000000000000000000000000000000000000000000000000000000000000000000000
0000000000000000000000000000111111111111110000000000000000000000000000000000000000000000000000000000000000000000000000000
0000000000000000000000000000111111111111110000000000000000000000000000000000000000000000000000000000000000000000000000000
0000000000000000000000000001111111111111111000000000000000000000000000000000000000000000000000000000000000000000000000000
0000000000000000000000000001111111111111111000000000000000000000000000000000000000000000000000000000000000000000000000000
0000000000000000000000000001111111111111111000000000000000000000000000000000000000000000000000000000000000000000000000000
0000000000000000000000000001111111111111111000000000000000000000000000000000000000000000000000000000000000000000000000000
0000000000000000000000000001111111111111111000000000000000000000000000000000000000000000000000000000000000000000000000000
0000000000000000000000000000111111111111110000000000000000000000000000000000000000000000000000000000000000000000000000000
0000000000000000000000000000111111111111110000000000000000000000000000000000000000000000000000000000000000000000000000000
0000000000000000000000000000011111111111100000000000000000000000000000000000000000000000000000000000000000000000000000000
0000000000000000000000000000000111111110000000000000000000000000000000000000000000000000000000000000000000000000000000000