000000000000000000000000000000000000000000000000000000000000000000000000000
000000000000000000000000022333333444444442222333330000000000000000000000000
000000000000000000000222233333334444444444222223333333000000000000000000000
000000000000000000222223333333344444444444422222223333333000000000000000000
000000000000000022222333333333444444444444442222222233333330000000000000000
000000000000002222223333333334444444444444444222222222333333300000000000000
000000000000222222333333333334444444444444444222222222233333333000000000000
000000000002222223333333333344444444444444444422222222222333333300000000000
000000000022222233333333333344444444444444444422222222222233333330000000000
000000000222222333333333333444444444444444444442222222222223333333000000000
000000002222222333333333333444444444444444444442222222222223333333300000000
000000022222223333333333333444444444444444444442222222222222333333330000000
000000222222233333333333334444444444444444444444222222222222233333333000000
000002222222233333333333334444444444444444444444222222222222233333333300000
000022222222333333333333334444444444444444444444222222222222223333333330000
000022222222333333333333344444444444444444444444422222222222223333333330000
000222222223333333333333344444444444444444444444422222222222222333333333000
000222222223333333333333344444444444444444444444422222222222222333333333000
002222222233333333333333344444444444444444444444422222222222222233333333300
002222222233333333333333344444444444444444444444422222222222222233333333300
022222222233333333333333344444444444444444444444422222222222222233333333330
022222222233333333333333444444444444444444444444442222222222222233333333330
022222222333333333333333444444444444444444444444442222222222222223333333330
222222222333333333333333444444444444444444444444442222222222222223333333333
222222222333333333333333444444444444444444444444442222222222222223333333333
222222222333333333333333444444444444444444444444442222222222222223333333333
222222222333333333333333444444444444444444444444442222222222222223333333333
222222222333333333333333444444444444444444444444442222222222222223333333333
222222222333333333333333444444444444444444444444442222222222222223333333333
222222222333333333333333444444444444444444444444442222222222222223333333333
222222222333333333333333444444444444444444444444442222222222222223333333333
222222222333333333333333444444444444444444444444442222222222222223333333333
222222222333333333333333444444444444444444444444442222222222222223333333333
222222222333333333333333444444444444444444444444442222222222222223333333333
022222222333333333333333444444444444444444444444442222222222222223333333330
022222222233333333333333444444444444444444444444442222222222222233333333330
022222222233333333333333444444444444444444444444442222222222222233333333330
002222222233333333333333344444444444444444444444422222222222222233333333300
002222222233333333333333344444444444444444444444422222222222222233333333300
002222222233333333333333344444444444444444444444422222222222222233333333300
000222222223333333333333344444444444444444444444422222222222222333333333000
000222222223333333333333344444444444444444444444422222222222222333333333000
000022222222333333333333344444444444444444444444422222222222223333333330000
000022222222333333333333334444444444444444444444222222222222223333333330000
000002222222333333333333334444444444444444444444222222222222223333333300000
000002222222233333333333334444444444444444444444222222222222233333333300000
000000222222233333333333334444444444444444444444222222222222233333333000000
000000222222233333333333334444444444444444444444222222222222233333333000000
000000022222223333333333333444444444444444444442222222222222333333330000000
000000022222223333333333333444444444444444444442222222222222333333330000000
000000002222222333333333333444444444444444444442222222222223333333300000000
000000000222222333333333333444444444444444444442222222222223333333000000000
000000000222222233333333333344444444444444444422222222222233333333000000000
000000000022222233333333333344444444444444444422222222222233333330000000000
000000000002222223333333333344444444444444444422222222222333333300000000000
000000000002222223333333333344444444444444444422222222222333333300000000000
000000000000222222333333333344444444444444444422222222223333333000000000000
000000000000222222333333333334444444444444444222222222223333333000000000000
000000000000022222233333333334444444444444444222222222233333330000000000000
000000000000002222233333333334444444444444444222222222233333300000000000000
000000000000002222223333333334444444444444444222222222333333300000000000000
000000000000000222223333333334444444444444444222222222333333000000000000000
000000000000000022222333333333444444444444442222222223333330000000000000000
000000000000000022222333333333444444444444442222222223333330000000000000000
000000000000000002222233333333444444444444442222222233333300000000000000000
000000000000000000222233333333444444444444442222222233333000000000000000000
000000000000000000222223333333444444444444442222222333333000000000000000000
000000000000000000022223333333344444444444422222222333330000000000000000000
000000000000000000022223333333344444444444422222222333330000000000000000000
000000000000000000002222333333344444444444422222223333300000000000000000000
000000000000000000000222233333344444444444422222233333000000000000000000000
000000000000000000000222233333334444444444222222233333000000000000000000000
000000000000000000000022223333334444444444222222333330000000000000000000000
000000000000000000000002223333334444444444222222333300000000000000000000000
000000000000000000000002223333334444444444222222333300000000000000000000000
000000000000000000000000222333334444444444222223333000000000000000000000000
000000000000000000000000222333333444444442222223333000000000000000000000000
000000000000000000000000022233333444444442222233330000000000000000000000000
000000000000000000000000004444444444444444444444400000000000000000000000000
000000000000000000000000000333333333333333333333000000000000000000000000000
000000000000000000000000000333333333333333333333000000000000000000000000000
000000000000000000000000000333333333333333333333000000000000000000000000000
000000000000000000000000000333333333333333333333000000000000000000000000000
000000000000000000000000000333333333333333333333000000000000000000000000000
000000000000000000000000000333333333333333333333000000000000000000000000000
000000000000000000000000000333333333333333333333000000000000000000000000000
000000000000000000000000000111111111111111111111000000000000000000000000000
000000000000000000000000000101010100000001010101000000000000000000000000000
000000000000000000000000000010001111101111100010000000000000000000000000000
000000000000000000000000000001001111101111100100000000000000000000000000000
000000000000000000000000000000101111101111101000000000000000000000000000000
000000000000000000000000000000011111111111110000000000000000000000000000000
000000000000000000000000000000101111101111101000000000000000000000000000000
000000000000000000000000000001000100000001000100000000000000000000000000000
000000000000000000000000000010001000000000100010000000000000000000000000000
000000000000000000000000000100010000000000010001000000000000000000000000000
000000000000000000000000001000100000000000001000100000000000000000000000000
000000000000000000000000010001000000000000000100010000000000000000000000000
000000000000000000000000010001000000000000000100010000000000000000000000000
000000000000000000000000010001000000000000000100010000000000000000000000000
000000000000000000000000010001000000000000000100010000000000000000000000000
000000000000000000000000010001000000000000000100010000000000000000000000000
000000000000000000000000010001000000000000000100010000000000000000000000000
000000000000000000000000010001000000000000000100010000000000000000000000000
000000000000000000000000010001000000000000000100010000000000000000000000000
000000000000000000000000111011100000000000001110111000000000000000000000000
000000000000000000000001111111111111111111111111111111000000000000000000000
000000000000000000000001111111111111111111111111111111000000000000000000000
000000000000000000000000111111111111111111111111111110000000000000000000000
000000000000000000000000111111111111111111111111111110000000000000000000000
000000000000000000000000111111111111111111111111111110000000000000000000000
000000000000000000000000111111111111111111111111111110000000000000000000000
000000000000000000000000111111111111111111111111111110000000000000000000000
000000000000000000000000111111111111111111111111111110000000000000000000000
000000000000000000000000111111111111111111111111111110000000000000000000000
000000000000000000000000011111111111111111111111111100000000000000000000000