000000000000000000000000000000000000000000000000000000000000000000000000000000000000000000000000000000000000000000000000000000000000000000000000000000
000000000000000000000000000000000000000000000000000000011100000000000000000000000000000000000000000000000000000000000000000000000000000000000000000000
000000000000000000000000000000000000000000000000000000001000000000000000000000000000000000000000000000000000000000000000000000000000000000000000000000
000000000000000000000000000000000000000000000000000000011100000000000000000000000000000000000000000000000000000000000000000000000000000000000000000000
000000000000000000000000000000000000000000000000000000011100000000000000000000000000000000000000000000000000000000000000000000000000000000000000000000
000000000000000000000000000000000000000000000000000000011100000000000000000000000000000000000000000000000000000000000000000000000000000000000004000000
000000000000000000000000000000000000000000000000000000011100000000000000000000000000000000000000000000000000000000000000000000000000000000000044400000
000000000000000000000000000000000000000000000000000000011100000000000000000000000000000000000000000000000000000000000000000000000000000000000444440000
000000000000000000000000000000000000000000000000000000011100000000000000000000000000000000000000000000000000000000000000000000000000000000004444422000
000000000000000000000000000000000000000000000000000000011100000000000000000000000000000000000000000000000000000000000000000000000000000000044444222200
000000000000000000000000000000000000000000000000000000011100000000000000010000000000000000000000000000000000000000000000000000000000000000444442222220
000000000000000000000000000000000000000000000000000011111111100000000000111000000000000000000000000000000000000000000000000000000000000004444422222222
000000000000000000000000000000000000000000000000000011111111100000000000222000000000000000000000000000000000000000000000000000000000000044444222222220
000000000000000000000000000000000000000000000000000001111111000000000000222000000000000000000000000000000000000000000000000000000000000444442222222220
000000000000000000000000000000000000000000000000000001111144444444444444444400000000000000000000000000000000000000000000000000000000004444422222222200
000000000000000000000000000000000000000000000022222222222241111111444444444444000000000000000000000000000000000000000000000000000000044444222222222200
000000000000000000000000000000000000000000002222222222222241111111444444444444220000000000000000000000000000000000000000000000000000444442222222222000
000000000000000000000000222220000000000000022222222222222244444444444444444444222000000000000000000000000000000000000000000000000004444422222222222000
000000000000000000000000222220000000000000222222222222222241111111444444444444222000000000000000000000000000000000000000000000000044444222222222220000
000000000000000000000000222222220000000002222222222222222241111111444444444444222000000000000000000000000000000000000000000000000444442222222222220000
000000000000000000000000222221222000000022222222222222222244444444444444444444222000000000000000000000000000000000000000000000004444422222222222200000
000000000000000000000000222221222000000022222222221222222241111111444444444444222000000000000000000000000000000000000000000000044444222222222222200000
000000000000000000000222222222222222222222222222221222222244444444444444444444222000000000000000000000000000000000000000000000224442222222222222000000
000000000000000000022222222222222222222222222222222222222244444444444444444444222200000000000000000000000000000000000002222222222222222222222222000000
000000000000000000222222222222222222222222222222222222222244444444444444444444222220000000000000000000000000000022222222222222222222222222222220000000
000000000000000001111111111112222111111111111111111111111111111111111111111444222222000000000000000000000222222222222222222222222222222222222220000000
000000000000000011111111111111221111111111111111111111111111111111111111111144222222200000000000002222222222222222222222222222222222222222222200000000
000000000000000111111111111111221111000000000011111111111111111111111111111144222222220000022222222222222222222222222222222222222222222222222200000000
000000000000001111111111111111221111000000000011111111111111111111111111111144222222222222222222222222222222222222222222222222222222222222222000000000
000000000000011111111111111111221111000000000011111111111111111111111111111144222222222222222222222222222222222222222222222222222222222222222000000000
000000000000111111111111111111221111000000000011111111111111111111111111111144222222222222222222222222222222222222222222222222222222222222220000000000
000000000001111111111111111111221111000000000011111111111111111111111111111144222222222222222222222222222222222222222222222222222222222222000000000000
000000000011111111111111111111221111000000000011111111111111111111111111111144222222222222222222222222222222222222222222222222222222220000000000000000
000000222111111111111111111111221111000000000011111111111111111111111111111144222222222222222222222222222222222222222222222222222200000000000000000000
000022222111111111111111111111221111000000000011111111111111111111111111111144222222222222222222222222222222222222222222222222000000000000000000000000
000222222111111111111111111111221111000000000011111111111111111111111111111144222222222222222222222222222222222222222222220000000000000000000000000000
002222222111111111111111111111221111000000000011111111111111111111111111111144222222222222222222222222222222222222222200000000000000000000000000000000
022222222111111111111111111111221111000000000011111111444441111111444441111144222222222222222222222222222222222222000000000000000000000000000000000000
022222222111111111111111111111221111000000000011111114444444111114444444111144222222222222222222222222222222220000000000000000000000000000000000000000
222222222111111111111111111111221111000000000011111114444444111114444444111144222222222222222222222222222200000000000000000000000000000000000000000000
222222222111111111111111111111221111000000000011111114444444111114444444111144222222222222222222222222000000000000000000000000000000000000000000000000
222222222111111111111111111111221111000000000011111114444444111114444444111144222222222222222222220000000000000000000000000000000000000000000000000000
222222222111111111111111111111221111000000000011114444414444114444414444111144222222222222222200000000000000000000000000000000000000000000000000000000
222222222111111111111111111111221111000000000011111114411111111114411111111144222222222222000000000000000000000000000000000000000000000000000000000000
022222222111111111111111111111221111000000000011144444444444144444444444111144222222200000000000000000000000000000000000000000000000000000000000000000
022222222111111111111111111111221111000000000011114444444441114444444441111144222222000000000000000000000000000000000000000000000000000000000000000000
002222222211111111111111111112222111000000000011111111111111111111111111111444222220000000000000000000000000000000000000000000000000000000000000000000
000222222222222222222222222222222222222222222222222222222244444444444444444444222000000000000000000000000000000000000000000000000000000000000000000000
000022222222222222222222222222222222222222222222222222222244444444444444444444200000000000000000000000000000000000000000000000000000000000000000000000
000000222222222222222222222222222222222222222222222222222244444444444444444400000000000000000000000000000000000000000000000000000000000000000000000000
000000000000000222222222222222222222222222222222222222222244444444444444430000000000000000000000000000000000000000000000000000000000000000000000000000
000000000000000000000000000033303330000000000000000000000000000000033303330000000000000000000000000000000000000000000000000000000000000000000000000000
000000000000000000000000000033303330000000000000000000000000000000033303330000000000000000000000000000000000000000000000000000000000000000000000000000
000000000000000000000000000033303330000000000000000000000000000000033303330000000000000000000000000000000000000000000000000000000000000000000000000000
000000000000000033003300000033303330000000000000000000000000000000033303330000003300330000000000000000000000000000000000000000000000000000000000000000
000000000000000033333333000033303330000000000000000000000000000000033303330000333333330000000000000000000000000000000000000000000000000000000000000000
000000000000000033333333333033303330000000000000000000000000000000033303330333333333330000000000000000000000000000000000000000000000000000000000000000
000000000000000003333333333333333333333333333333333333333333333333333333333333333333300000000000000000000000000000000000000000000000000000000000000000
000000000000000000003333333333333333333333333333333333333333333333333333333333333300000000000000000000000000000000000000000000000000000000000000000000
000000000000000000000003333333333333333333333333333333333333333333333333333333300000000000000000000000000000000000000000000000000000000000000000000000