0000000000000000000000000000000000000000000000000000000000000000000000000000000000000000000000000000000000000000000333300000000000000
0000000000000000000000000000000000000000000000000000000000000000000000000000000000000000000000000000000000000000033333333000000000000
0000000000000000000000000000000000000000000000000000000000000000000000000000000000000000000000000000000000000000333333333330000000000
0000000000000000000000000000000000000000000000000000000000000000000000000000000000000000000000000000000000000003333333333333000000000
0000000000000000000000000000000000000000000000000000000000000000000000000000000000000000000000000000000000000033333333333333300000000
0000000000000000000000000000000000000000000000000000000000000000000000000000000000000000000000000000000000000333333333333333330000000
0000000000000000000000000000000000000000000000000000000000000000000000000000000000000000000000000000000000003333333333333333330000000
0000000000000000000000000000000000000000000000000000000000000000000000000000000000000000000000000000000000004444444444444444444000000
0000000000000000000000000000000000000000000000000000000000000000000000000000000000000000000000000000000000044444444444444444444000000
0000000000000000000000000000000000000000000000000000000000000000000000000000000000000000000000000000000000044444444444444444444400000
0000000000000000000000000000000000000000000000000000000000000000000000000000000000000000000000000000000000444444444444444444444400000
0000000000000000000000000000000000000000000000000000000000000000000000000000000000000000000000000000000000444444444444444444444440000
0000000000000000000000000000000000000000000000000000000000000000000000000000000000000000000000000000000000444444444444444444444440000
0000000000000000000000000000000000000000000000000000000000000000000000000000000000000000000000000000000004444444444444444444444440000
0000000000000000000000000000000000000000000000000000000000000000000000000000000000000000000000000000000004444444444444444444444444000
0000000000000000000000000000000000000000000000000000000000000000000000000000000000000000000000000000000004444444444444444444444444000
0000000000000000000000000000000000000000000000000000000000000000000000000000000000000000000000000000000044444444444444444444444444000
0000000000000000000000000000000000000000000000000000000000000000000000000000000000000000000000000000000044444444444444444444444444000
0000000000000000000000000000000000000000000000000000000000000000000000000000000000000000000000000000000444444444444444444444444444400
0000000000000000000000000000000000000000044444444444444444444000000000000000000000000000000000000000000444444444444444444444444444400
0000000000000000000000000000000000000000444444444444444444444444444444444400000000000000000000000000004444444444444444444444444444400
0000000000000000000000000000000000000004444444444444444444444444444444444444000000000000000000000000244444444444444444444444444444440
0000000000000000000000000000000000000004444444444444444444444444444444444444400000000000000000000022244444444444444444444444444444440
0000000000000000000000000000000000000000444444444444444444444444444444444444000000000000000002222222244444444444444444444444444444440
0000000000000000000000000000000000222222224442222224444444444444444444444422200000000002222222222222244444444444444444444444444444440
0000000000000000000000000000000002222222222222222222222222222222222222222222222222222222222222222222244444444444444444444444444444440
0000000000000000000000000000000011111111111122222222222222222222222222222222222222222222222222222222244444444444444444444444444444444
0000000000000000000000000000000111111111111112222222222222222222222222222222222222222222222222222222244444444444444444444444444444444
0000000000000000000000000000001111111111111112222222222222222222222222222222222222222222222222222222244444444444444444444444444444444
0000000000000000000000000000011111111111111112222211111111111111111111111111111111111111111111111111111144444444444444444444444444444
0000000000000000000000000000111111111111111112222111111111111111111111111111111111111111111111111111111114444444444444444444444444444
0000000000000000000000000001111111111111111112222111111111111111111111111111111111111111111111111111111114444444444444444444444444444
0000000000000000000000000011111111111111111112222111111111111111111111111111111111111111111111111111111114444444444444444444444444444
0000000000000000000000000111111111111111111112222111111111111111111111111111111111111111111111111111111114444444444444444444444444444
0000000000000000000033331111111111111111111112222111111111111111111111111111111111111111111111111111111114444444444444444444444444444
0000000000000000333333331111111111111111111112222111111111111111111111111111111111111111111111111111111114444444444444444444444444444
0000000000003333333333331111111111111111111112222111111111111111111111111111111111111111111111111111111114444444444444444444444444444
0000000033333333333322221111111111111111111112222111111111111111111111111111111111111111111111111111111114444444444444444444444444444
0000000333333333222222221111111111111111111112222111111111111111111111111111111111111111111111111111111114444444444444444444444444444
0000003333332222222222221111111111111111111112222111111111111111111111111111111111111111111111111111111114444444444444444444444444440
0000033344442222222222221111111111111111111112222111111111111111111111111111111111111111111111111111111114444444444444444444444444440
0000044444442222222222221111111111111111111112222111111111111111111111111111111111111111111111111111111114444444444444444444444444440
0000044444442222222222221111111111111111111112222111111111111111111111111111111111111111111111111111111114444444444444444444444444400
0000044444442222222222221111111111111111111112222111111111111111111111111111111111111111111111111111111114444444444444444444444444400
0000044444442222222222221111111111111111111112222111111111111111111111111111111111111111111111111111111114444444444444444444444444400
0022244444442222222222221111111111111111111112222111111111111111111111111111111111111111111111111111111114444444444444444444444444000
0222244444442222222222221111111111111111111112222111111111111111111111111111111111111111111111111111111114444444444444444444444440000
2222244444442222222222222111111111111111111122222111111111111111111111111111111111111111111111111111111114444444444444444444444400000
0222244444442222222222222222222222222222222222222111111111111111111111111111111111111111111111111111111114444444444444444444440000000
0022244444442222222222222222222222222222222222222111111111111111111111111111111111111111111111111111111114444444444444444410000000000
0000044444442222222222222222222222222222222222222211111111111111111111111111111111111111111111111111111144444444444444110110000000000
0000044444442222222222222222221112222222222222222222222222222222222222222222222222222222222222222222244444444444444000011110000000000
0000044444442222222222222222211112222222222222222222222222222222222222222222222222222222222222222222244444444440000000001110000000000
0000044444442222222222222222111112222222222222222222222222222222222222222222222222222222222222222222244444400000000000000111100000000
0000044444442222222222222221111122222223322222222222332222222222222222222222222222222222222222222222244000000000000000000011110000000
0000004444442222222222222211111122222232232222222223223222222222222222222222222222222222222222222220000000000000000000000111111000000
0000000444442222222222222111111122222232232222222223223222222222222222222222222222222222222222200000000000000000000000000111111000000
0000000044442222222222222222222222222223322222222222332222222222222222222222222222222222222000000000000000000000000000000011110000000
0000000004442222222222222222222222222222222222222222222222222222222222222222222222222220000000000000000000000000000000000001100000000
0000000004442222222222222222222222222222222222222222222222222222222222222222222222200000000000000000000000000000000000000000000000000
0000000000442222222222222222222222222222222222222222222222222222222220000000000000000000000000000000000000000000000000000000000000000
0000000000042222222222222200000000000222222222222222222222222222222200000000000000000000000000000000000000000000000000000000000000000
0000000000000000000000000000000000000222222222222222222222222222222000000000000000000000000000000000000000000000000000000000000000000
0000000000000000000000000000000000000022222222222222222222222222220000000000000000000000000000000000000000000000000000000000000000000
0000000000000000000000000000000000000002222222222222222222222222000000000000000000000000000000000000000000000000000000000000000000000
0000000000000000000000000000000000000002222222222222222000000000000000000000000000000000000000000000000000000000000000000000000000000
0000000000000000000000000000000000000002222222222222220000000000000000000000000000000000000000000000000000000000000000000000000000000
0000000000000000000000000000000000000011111222222222200000000000000000000000000000000000000000000000000000000000000000000000000000000
0000000000000000000000000000000000001111111112211122000000000000000000000000000000000000000000000000000000000000000000000000000000000
0000000000000000000000000000000000011111111111111110000000000000000000000000000000000000000000000000000000000000000000000000000000000
0000000000000000000000000000000000011111111111111110000000000000000000000000000000000000000000000000000000000000000000000000000000000
0000000000000000000000000000000000111111111111111111000000000000000000000000000000000000000000000000000000000000000000000000000000000
0000000000000000000000000000000000111111111111111111000000000000000000000000000000000000000000000000000000000000000000000000000000000
0000000000000000000000000000000000111111111111111111000000000000000000000000000000000000000000000000000000000000000000000000000000000
0000000000000000000000000000000000111111111111111111000000000000000000000000000000000000000000000000000000000000000000000000000000000
0000000000000000000000000000000000111111111111111111000000000000000000000000000000000000000000000000000000000000000000000000000000000
0000000000000000000000000000000000011111111111111110000000000000000000000000000000000000000000000000000000000000000000000000000000000
0000000000000000000000000000000000011111111111111110000000000000000000000000000000000000000000000000000000000000000000000000000000000
0000000000000000000000000000000000001111111111111100000000000000000000000000000000000000000000000000000000000000000000000000000000000
0000000000000000000000000000000000000011111111110000000000000000000000000000000000000000000000000000000000000000000000000000000000000