0000000000000000000000000000000000000000000000000000000000000000000000000000000000000000000000000000000000000000000222200000000000000
0000000000000000000000000000000000000000000000000000000000000000000000000000000000000000000000000000000000000000022222222000000000000
0000000000000000000000000000000000000000000000000000000000000000000000000000000000000000000000000000000000000000222222222220000000000
0000000000000000000000000000000000000000000000000000000000000000000000000000000000000000000000000000000000000002222222222222000000000
0000000000000000000000000000000000000000000000000000000000000000000000000000000000000000000000000000000000000022222222222222200000000
0000000000000000000000000000000000000000000000000000000000000000000000000000000000000000000000000000000000000222222222222222220000000
0000000000000000000000000000000000000000000000000000000000000000000000000000000000000000000000000000000000002222222222222222220000000
0000000000000000000000000000000000000000000000000000000000000000000000000000000000000000000000000000000000002222222222223333333000000
0000000000000000000000000000000000000000000000000000000000000000000000000000000000000000000000000000000000022222222222223333333000000
0000000000000000000000000000000000000000000000000000000000000000000000000000000000000000000000000000000000022222222222223333333300000
0000000000000000000000000000000000000000000000000000000000000000000000000000000000000000000000000000000000222222222222223333333300000
0000000000000000000000000000000000000000000000000000000000000000000000000000000000000000000000000000000000222222222222223333333330000
0000000000000000000000000000000000000000000000000000000000000000000000000000000000000000000000000000000000222222222222223333333330000
0000000000000000000000000000000000000000000000000000000000000000000000000000000000000000000000000000000002222222222222223333333330000
0000000000000000000000000000000000000000000000000000000000000000000000000000000000000000000000000000000002222222222222223333333333000
0000000000000000000000000000000000000000000000000000000000000000000000000000000000000000000000000000000002222222222222223333333333000
0000000000000000000000000000000000000000000000000000000000000000000000000000000000000000000000000000000022222222222222223333333333000
0000000000000000000000000000000000000000000000000000000000000000000000000000000000000000000000000000000022222222222222223333333333000
0000000000000000000000000000000000000000000000000000000000000000000000000000000000000000000000000000000222222222222222223333333333300
0000000000000000000000000000000000000000022222222222222222222000000000000000000000000000000000000000000222222222222222223333333333300
0000000000000000000000000000000000000000222222222222222222222222222222222200000000000000000000000000002222222222222222223333333333300
0000000000000000000000000000000000000002222222222222222222222222222222222222000000000000000000000000222222222222222222222222223333330
0000000000000000000000000000000000000002222222222222222222222222222222222222200000000000000000000022222222222222222222222222222333330
0000000000000000000000000000000000000000222222222222222222222222222222222222000000000000000002222222222222222222222222222222233333330
0000000000000000000000000000000000222222222222222222222222222222222222222222200000000002222222222222222222222222222222223333333333330
0000000000000000000000000000000002222222222222222222222222222222222222222222222222222222222222222222222222222222222222223333333333330
0000000000000000000000000000000011111111111122222222222222222222222222222222222222222222222222222222222222222222222222223333333333333
0000000000000000000000000000000111111111111112222222222222222222222222222222222222222222222222222222222222222222222222223333333333333
0000000000000000000000000000001111111111111112222222222222222222222222222222222222222222222222222222222222222222222222223333333333333
0000000000000000000000000000011111111111111112222211111111111111111111111111111111111111111111111111111122222222222222223333333333333
0000000000000000000000000000111111111111111112222111111111111111111111111111111111111111111111111111111112222222222222222222333333333
0000000000000000000000000001111111111111111112222111111111111111111111111111111111111111111111111111111112222222222222222222222223333
0000000000000000000000000011111111111111111112222111111111111111111111111111111111111111111111111111111112222222222222222222222222222
0000000000000000000000000111111111111111111112222111111111111111111111111111111111111111111111111111111112222222222222222222222222222
0000000000000000000022221111111111111111111112222111111111111111111111111111111111111111111111111111111112222222222222222222222222222
0000000000000000222222221111111111111111111112222111111111111111111111111111111111111111111111111111111112222222222222222222222222222
0000000000003222222222221111111111111111111112222111111111111111111111111111111111111111111111111111111112222222222222222222222222222
0000000033333222222222221111111111111111111112222111111111111111111111111111111111111111111111111111111112222222222222222222222222222
0000000333333322222222221111111111111111111112222111111111111111111111111111111111111111111111111111111112222222222222222222222222222
0000003333333332222222221111111111111111111112222111111111111111111111111111111111111111111111111111111112222222222222222222222222220
0000033333333333333222221111111111111111111112222111111111111111111111111111111111111111111111111111111112222222222222222222222222221
0000033333333333333333331111111111111111111113223111111111144444111111144444111111111111111111111111111113333333333333333333333333331
0000033333333333333333331111111111111111111113223111111111444444411111444444411111111111111111111111111113333333333333333333333333311
0000033333333333333333331111111111111111111113223111111111444444411111444444411111111111111111111111111113333333333333333333333333311
0000033333333333333333331111111111111111111112233111111111444444411111444444411111111111111111111111111113333333333333333333333333300
0033333333333333333333331111111111111111111112233111111111444444411111444444411111111111111111111111111113333333333333333333333333000
0333333333333333333222221111111111111111111112222111111444441444411444441444411111111111111111111111111112222222222222222222222220000
3333333333333333222222222111111111111111111122222111111111441111111111441111111111111111111111111111111112222222222222222222222200000
0333333333333332222222222222222222222222222222222111114444444444414444444444411111111111111111111111111112222222222222222222220000000
0033333333333322222222222222222222222222222222222111111444444444111444444444111111111111111111111111111112222222222222222210000000000
0000033333333222222222222222222222222222222222222211111111111111111111111111111111111111111111111111111122222222222222110110000000000
0000033333333222222222222222221112222222222222222222222222222222222222222222222222222222222222222222222222222222222000011110000000000
0000033333333222222222222222211112222222222222222222222222222222222222222222222222222222222222222222222222222220000000001110000000000
0000033333333222222222222222111112222222222222222222222222222222222222222222222222222222222222222222222222200000000000000111100000000
0000033333333222222222222221111122222222222222222222222222222222222222222222222222222222222222222222222000000000000000000011110000000
0000003333333222222222222211111122222222222222222222222222222222222222222222222222222222222222222220000000000000000000000111111000000
0000000333333222222222222111111122222222222222222222222222222222222222222222222222222222222222200000000000000000000000000111111000000
0000000033333222222222222222222222222222222222222222222222222222222222222222222222222222222000000000000000000000000000000011110000000
0000000003333222222222222222222222222222333333333333333322222222222222222222222222222220000000000000000000000000000000000001100000000
0000000003333222222222222222222222222233333333333333333333333332222222222222222222200000000000000000000000000000000000000000000000000
0000000000333222222222222222222222222333333333333333333333333333333330000000000000000000000000000000000000000000000000000000000000000
0000000000033222222222222200000000000333333333333333333333333333333300000000000000000000000000000000000000000000000000000000000000000
0000000000000000000000000000000000000333333333333333333333333333333000000000000000000000000000000000000000000000000000000000000000000
0000000000000000000000000000000000000033333333333333333333333333330000000000000000000000000000000000000000000000000000000000000000000
0000000000000000000000000000000000000003333333333333333333333333000000000000000000000000000000000000000000000000000000000000000000000
0000000000000000000000000000000000000003333333333333333000000000000000000000000000000000000000000000000000000000000000000000000000000
0000000000000000000000000000000000000003333333333333330000000000000000000000000000000000000000000000000000000000000000000000000000000
0000000000000000000000000000000000000011111333333333300000000000000000000000000000000000000000000000000000000000000000000000000000000
0000000000000000000000000000000000001111111113311133000000000000000000000000000000000000000000000000000000000000000000000000000000000
0000000000000000000000000000000000011111111111111110000000000000000000000000000000000000000000000000000000000000000000000000000000000
0000000000000000000000000000000000011111111111111110000000000000000000000000000000000000000000000000000000000000000000000000000000000
0000000000000000000000000000000000111111111111111111000000000000000000000000000000000000000000000000000000000000000000000000000000000
0000000000000000000000000000000000111111111111111111000000000000000000000000000000000000000000000000000000000000000000000000000000000
0000000000000000000000000000000000111111111111111111000000000000000000000000000000000000000000000000000000000000000000000000000000000
0000000000000000000000000000000000111111111111111111000000000000000000000000000000000000000000000000000000000000000000000000000000000
0000000000000000000000000000000000111111111111111111000000000000000000000000000000000000000000000000000000000000000000000000000000000
0000000000000000000000000000000000011111111111111110000000000000000000000000000000000000000000000000000000000000000000000000000000000
0000000000000000000000000000000000011111111111111110000000000000000000000000000000000000000000000000000000000000000000000000000000000
0000000000000000000000000000000000001111111111111100000000000000000000000000000000000000000000000000000000000000000000000000000000000
0000000000000000000000000000000000000011111111110000000000000000000000000000000000000000000000000000000000000000000000000000000000000