0000000000000000000000000000000000000000000000000000000000000000000000000000000000000000000000000000000000000000000444400000000000000
0000000000000000000000000000000000000000000000000000000000000000000000000000000000000000000000000000000000000000044444444000000000000
0000000000000000000000000000000000000000000000000000000000000000000000000000000000000000000000000000000000000000444444444440000000000
0000000000000000000000000000000000000000000000000000000000000000000000000000000000000000000000000000000000000004444444444444000000000
0000000000000000000000000000000000000000000000000000000000000000000000000000000000000000000000000000000000000044444444444444400000000
0000000000000000000000000000000000000000000000000000000000000000000000000000000000000000000000000000000000000444444444444444440000000
0000000000000000000000000000000000000000000000000000000000000000000000000000000000000000000000000000000000004444444444444444440000000
0000000000000000000000000000000000000000000000000000000000000000000000000000000000000000000000000000000000002222222222222222222000000
0000000000000000000000000000000000000000000000000000000000000000000000000000000000000000000000000000000000022222222222222222222000000
0000000000000000000000000000000000000000000000000000000000000000000000000000000000000000000000000000000000022222222222222222222200000
0000000000000000000000000000000000000000000000000000000000000000000000000000000000000000000000000000000000222222222222222222222200000
0000000000000000000000000000000000000000000000000000000000000000000000000000000000000000000000000000000000222222222222222222222220000
0000000000000000000000000000000000000000000000000000000000000000000000000000000000000000000000000000000000222222222222222222222220000
0000000000000000000000000000000000000000000000000000000000000000000000000000000000000000000000000000000002222222222222222222222220000
0000000000000000000000000000000000000000000000000000000000000000000000000000000000000000000000000000000002222222222222222222222222000
0000000000000000000000000000000000000000000000000000000000000000000000000000000000000000000000000000000002222222222222222222222222000
0000000000000000000000000000000000000000000000000000000000000000000000000000000000000000000000000000000022222222222222222222222222000
0000000000000000000000000000000000000000000000000000000000000000000000000000000000000000000000000000000022222222222222222222222222000
0000000000000000000000000000000000000000000000000000000000000000000000000000000000000000000000000000000222222222222222222222222222200
0000000000000000000000000000000000000000044444444444444444444000000000000000000000000000000000000000000222222222222222222222222222200
0000000000000000000000000000000000000000444444444444444444444444444444444400000000000000000000000000002222222222222222222222222222200
0000000000000000000000000000000000000004444444444444444444444444444444444444000000000000000000000000222222222222222222222222222222220
0000000000000000000000000000000000000004444444444444444444444444444444444444400000000000000000000022222222222222222222222222222222220
0000000000000000000000000000000000000000444444444444444444444444444444444444000000000000000002222222222222222222222222222222222222220
0000000000000000000000000000000000222222224442222224444444444444444444444422200000000002222222222222222222222222222222222222222222220
0000000000000000000000000000000002222222222222222222222222222222222222222222222222222222222222222222222222222222222222222222222222220
0000000000000000000000000000000011111111111122222222222222222222222222222222222222222222222222222222222222222222222222222222222222222
0000000000000000000000000000000111111111111112222222222222222222222222222222222222222222222222222222222222222222222222222222222222222
0000000000000000000000000000001111111111111112222222222222222222222222222222222222222222222222222222222222222222222222222222222222222
0000000000000000000000000000011111111111111112222211111111111111111111111111111111111111111111111111111122222222222222222222222222222
0000000000000000000000000000111111111111111112222111111111111111111111111111111111111111111111111111111112222222222222222222222222222
0000000000000000000000000001111111111111111112222111111111111111111111111111111111111111111111111111111112222222222222222222222222222
0000000000000000000000000011111111111111111112222111111111111111111111111111111111111111111111111111111112222222222222222222222222222
0000000000000000000000000111111111111111111112222111111111111111111111111111111111111111111111111111111112222222222222222222222222222
0000000000000000000022221111111111111111111112222111111111111111111111111111111111111111111111111111111112222222222222222222222222222
0000000000000000222222221111111111111111111112222111111111111111111111111111111111111111111111111111111112222222222222222222222222222
0000000000002222222222221111111111111111111112222111111111111111111111111111111111111111111111111111111112222222222222222222222222222
0000000022222222222222221111111111111111111112222111111111111111111111111111111111111111111111111111111112222222222222222222222222222
0000000222222222222222221111111111111111111112222111111111111111111111111111111111111111111111111111111112222222222222222222222222222
0000002222222222222222221111111111111111111112222111111111111111111111111111111111111111111111111111111112222222222222222222222222220
0000022222222222222222221111111111111111111112222111111111111111111111111111111111111111111111111111111112222222222222222222222222220
0000044444444444444444441111111111111111111114224111111111144444111111144444111111144444111111144444111114444444444444444444444444440
0000044444444444444444441111111111111111111114224111111111444444411111444444411111444444411111444444411114444444444444444444444444400
0000044444444444444444441111111111111111111114224111111111444444411111444444411111444444411111444444411114444444444444444444444444400
0000044444444444444444441111111111111111111112244111111111444444411111444444411111444444411111444444411114444444444444444444444444400
0022222222222222222222221111111111111111111112222111111111444444411111444444411111444444411111444444411112222222222222222222222222000
0222233333333333333333331111111111111111111112233111111444441444411444441444411444441444411444441444411113333333333333333333333330000
2222233333333333333333333111111111111111111132233111111111441111111111441111111111441111111111441111111113333333333333333333333300000
0222233333333333333333333333333333333333333332233111114444444444414444444444414444444444414444444444411113333333333333333333330000000
0022233333333333333333333333333333333333333332233111111444444444111444444444111444444444111444444444111113333333333333333310000000000
0000033333333333333333333333333333333333333322223311111111111111111111111111111111111111111111111111111133333333333333110110000000000
0000033333333333333333333333331113333333333222222333333333333333333333333333333333333333333333333333333333333333333000011110000000000
0000033333333333333333333333311113333333333222222333333333333333333333333333333333333333333333333333333333333330000000001110000000000
0000033333333333333333333333111113333333333322223333333333333333333333333333333333333333333333333333333333300000000000000111100000000
0000033333333333333333333331111133333333333333333333333333333333333333333333333333333333333333333333333000000000000000000011110000000
0000003333333333333333333311111133333333333333333333333333333333333333333333333333333333333333333330000000000000000000000111111000000
0000000333333333333333333111111133333333333333333333333333333333333333333333333333333333333333300000000000000000000000000111111000000
0000000033333333333333333333333333333333333333333333333333333333333333333333333333333333333000000000000000000000000000000011110000000
0000000003333333333333333333333333333333333333333333333333333333333333333333333333333330000000000000000000000000000000000001100000000
0000000003333333333333333333333333333333333333333333333333333333333333333333333333300000000000000000000000000000000000000000000000000
0000000000333333333333333333333333333333333333333333333333333333333330000000000000000000000000000000000000000000000000000000000000000
0000000000033333333333333300000000000333333333333333333333333333333300000000000000000000000000000000000000000000000000000000000000000
0000000000000000000000000000000000000333333333333333333333333333333000000000000000000000000000000000000000000000000000000000000000000
0000000000000000000000000000000000000033333333333333333333333333330000000000000000000000000000000000000000000000000000000000000000000
0000000000000000000000000000000000000003333333333333333333333333000000000000000000000000000000000000000000000000000000000000000000000
0000000000000000000000000000000000000003333333333333333000000000000000000000000000000000000000000000000000000000000000000000000000000
0000000000000000000000000000000000000003333333333333330000000000000000000000000000000000000000000000000000000000000000000000000000000
0000000000000000000000000000000000000011111333333333300000000000000000000000000000000000000000000000000000000000000000000000000000000
0000000000000000000000000000000000001111111113311133000000000000000000000000000000000000000000000000000000000000000000000000000000000
0000000000000000000000000000000000011111111111111110000000000000000000000000000000000000000000000000000000000000000000000000000000000
0000000000000000000000000000000000011111111111111110000000000000000000000000000000000000000000000000000000000000000000000000000000000
0000000000000000000000000000000000111111111111111111000000000000000000000000000000000000000000000000000000000000000000000000000000000
0000000000000000000000000000000000111111111111111111000000000000000000000000000000000000000000000000000000000000000000000000000000000
0000000000000000000000000000000000111111111111111111000000000000000000000000000000000000000000000000000000000000000000000000000000000
0000000000000000000000000000000000111111111111111111000000000000000000000000000000000000000000000000000000000000000000000000000000000
0000000000000000000000000000000000111111111111111111000000000000000000000000000000000000000000000000000000000000000000000000000000000
0000000000000000000000000000000000011111111111111110000000000000000000000000000000000000000000000000000000000000000000000000000000000
0000000000000000000000000000000000011111111111111110000000000000000000000000000000000000000000000000000000000000000000000000000000000
0000000000000000000000000000000000001111111111111100000000000000000000000000000000000000000000000000000000000000000000000000000000000
0000000000000000000000000000000000000011111111110000000000000000000000000000000000000000000000000000000000000000000000000000000000000