000000000000000000000000000000000000000000000000000000000000000000000000000000000
000000000000000000000000000000000000000000000000000000000000000001111100000000000
000000000000000000000000000000000000000000000000000000000000000011111111111100000
000000000000000000000000000000000000000000000000000000000000000111111111111100000
000000000000000000000111111000000000000000000000000000000000000111111111111000000
000000000000000000001111111100000000000000000000000000000000001111111111111000000
000001101100111111111111111100000000000000000000000000000000001111111111110000000
000111111111111111001111111100000000000000000000000000000000011111111111110000000
001111111111111110001111111100000000000000000000000000000000011111111111111000000
001111111111111111111111111100000000000000000000000000000000011111111111111000000
011111111111111011111111111100000000000000000000000000000000111111111111111000000
011011111111110011111111111100000000000000000000000000000000111111111111111100000
111111111111111001111111111100000000000000000000000011111111111111111111111110000
110111111111111101111111111000000000000000000000000111111111111111111111111110000
110111111111111111111111111111111111111111111111111111111111111111111111111111000
110111111111111111111111111111111111111111111111111111111111111111111111111111110
110111111111111111111111111111111111111111111111111111111111111111111111111111111
111111111111111111111111111111111111111111111111111111111111111111111111111111111
011011111111111111111111111111111111111111111111111111111111111111111111111111111
011111111111111111111111111111111111111111111111111111111111111111111111111111111
001111111111111111111111111111111111111111111111111111111111111111111111111111111
001111111011111111111111111111111111111111111111111111111111111111111111111111111
000111111111111111000000000000000000000000000000000000011111111111111111111111111
000001111111111111111111111111111111111111111111111111111111111111111111111111110
000000011111111111111111111111111111111111111111111111111111111111111111111111000
000000000000000000000000000000000000000000000000000000001111111111111111111100000