0000000000000000000000000000000000000000000000000000000000000000000000000000000000000000000000000000000000000000000000000000000000000000000000000333333333333300
0000000000000000000000000000000000000000000000000000000000000000000000000000000000000000000000000000000000000000000000000000000000000000000000003333333333333330
0000000000000000000000000000000000000000000000000000000000000000000000000000000000000000000000000000000000000000000000000000000000000000000000033333333333333330
0000000000000000000000000000000000000000000000000000000000000000000000000000000000000000000000000000000000000000000000000000000000000000000000333333333333333330
0000000000000000000000000000000000000000000000000000000000000000000000000000000000000000000000000000000000000000000000000000000000000000000003333333333333333330
0000000000000000000000000000000000000000000000000000000000000000000000000000000000000000000000000000000000000000000000000000000000000000000033333333333333333300
0000000000000000000000000000000000000000000000000000000000000000000000000000000000000000000000000000000000000000000000000000000000000000000333333333333333333300
0000000000000000000000000000000000000000000000000000000000000000000000000000000000000000000000000000000000000000000000000000000000000000003333333333333333333300
0000000000000000000000000000000000000000000000000000000000000000000000000000000000000000000000000000000000000000000000000000000000000000033333333333333333333300
0000000000000000000000000000000000000000000000000000000000000000000000000000000000000000000000000000000000000000000000000000000000000000333333333333333333333000
0000000000000000000000000000000000000000000000000000000000000000000000000000000000000000000000000000000000000000000000000000000000000003333333333333333333333000
0000000000000000000000000000000000000000000000000000000000000000000000000000000000000000000000000000000000000000000000000000000000000022222222222222222222222000
0000000000000000000000000000000000000000000000000000000000000000000000000000000000000000000000000000000000000000000000000000000000000222444444444444444444444000
0000000000000000000000000000000000000000000000000000000000000000000000000000000000000000000000000000000000000000000000000000000000002222222222222222222222220000
0000000000000000000000000000000000000000000000000000000000000000000000000000000000000000000000000000000000000000000000000000000000022222222444444444444444440000
0000000000000000000000000000000000000000000000000000000000000000000000000000000000000000000000000000000000000000000000000000000000222222222222222222222222220000
0000000000000000000000000000000000000000000000000000000000000000000000000000000000000000000000000000000000000000000000000000000002222222222222444444444444440000
0000000000000000000000000000000000000000000000000000000000000000000000000000000000000000000000000000000000000000000000000000000022222222222222222222222222200000
0000000000000000000000000000000000000000000000000000000000000000000000000000000000000000000000000000000000000000000000000000000222222222222222222222222222200000
0000000000000000000000000000000000000000000000000000000000000000000000000000000000000000000000000000000000000000000000000000002222222222222222222222222222200000
0000000000000000000000000000000000000000000000000000000000000000000000000000000000000000000000200000000000000000200000000000222222222222222222222222222222200000
0000000000000000000000000000000000000000000000000000000000000000000000000000000000000000000002200000000000000002200000000022222222222222222222222222222222000000
0000000000000000000000000000000000000000000000000000000000000000000000000000000000000000000022000000000000000022000000002222222222222222222222222222222222000000
0000000000000000000000000000000000000000000000000000002200000000000000000000000000000000000220000000000000000220000000222222222222222222222222222222222222000000
0000000000000000000000000000000000000000000000000000022200000000000000000000000000000000002220000000000000002220000022222222222222222222222222222222222222000000
0000000000000000000000000000000000000000000000000000222220000000000000000000000000000000022222000000000000022222002222222222222222222222222222222222222220000000
0000000000000000000000000000000000000000000000222222222222222222222222222222222222222222222222222222222222222222222222222222222222222222222222222222222200000000
0000000000000000000000000000000000000000000222222222222222222222222222222222222222222222222222222222222222222222222222222222222222222222222222222222222220000000
0000000000000000000000000000000000000000001111111111112222222111111111111111111111111111111111111111111222222222222222222222222222222222222222222222222222000000
0000000000000000000000000000000000000000011111111111111222221111111111111111111111111111111111111111111122222222222222222222222222222222222222222222222222200000
0000000000000000000000000000000000000000111111111111111222221111111111111111111111111111111111111111111122222222222222222222222222222222222222222222222222200000
0000000000000000000000000000000000000001111111111111111222221111111111111111111111111111111111111111111122222222222222222222222222222222222222222222222222200000
0000000000000000000000000000000000000011111111111111111222221111111111111111111111111111111111111111111122222222222222222222222222222222222222222222222222200000
0000000000000000000000000000000000000111111111111111111222221111111111111111111111111111111111111111111122222222222222222222222222222222222222222222222222200000
0000000000000000000000000000000000001111111111111111111222221111111111111111111111111111111111111111111122222222222222222222222222222222222222222222222222220000
0000000000000000000000000000000000011111111111111111111222221111111111111111111111111111111111111111111122222222222222222222222222222222222222222222222222222200
0000000000000000000000000000222222111111111111111111111222221111111111111111111111111111111111111111111122222222222222222222222222222222222222222222222222222220
0000000000000000000000222222222222111111111111111111111222221111111111111111111111111111111111111111111122222222222222222222222222222222222222222222222222222222
0000000000000000002222222222222222111111111111111111111222221111111111111111111111111111111111111111111122222222222222222222222222222222233333333330222222222220
0000000000000022222222222222222222111111111111111111111222221111111111111111111111111111111111111111111122222222222222222233333333333333333333330000000000000000
0000000000222222222222222222222222111111111111111111111222221111111111444441111111444441111111111111111122223333333333333333333333333333333330000000000000000000
0000000222222222222222222222222222111111111111111111111222221111111114444444111114444444111111111111111133333333333333333333333333333333330000000000000000000000
0000022222222222222222222222222222111111111111111111111222221111111114444444111114444444111111111111111133333333333333333333333333333300000000000000000000000000
0002222222222222222222222222222222111111111111111111111222221111111114444444111114444444111111111111111133333333333333333333333333300000000000000000000000000000
0022222222222222222222222222222222111111111111111111111333331111111114444444111114444444111111111111111133333333333333333333333300000000000000000000000000000000
0222222222222222222222222222222222111111111111111111111333331111114444414444114444414444111111111111111133333333333333333333300000000000000000000000000000000000
2222222222222222222233333333333333111111111111111111111333331111111114411111111114411111111111111111111133333333333333333300000000000000000000000000000000000000
2222233333333333333333333333333333111111111111111111111333331111144444444444144444444444111111111111111133333333333333300000000000000000000000000000000000000000
3333333333333333333333333333333333111111111111111111111333331111114444444441114444444441111111111111111133333333333300000000000000000000000000000000000000000000
0333333333333333333333333333333333311111111111111111113333333111111111111111111111111111111111111111111333333333300000000000000000000000000000000000000000000000
0033333333333333333333333333333332222222222222333333333333333333333333333333333333333333333333333333333333333300000000000000000000000000000000000000000000000000
0000333333333333333333333333222222222222222222222223333333333333333333333333333333333333333333333333333333300000000000000000000000000000000000000000000000000000
0000000033333333333333333322222222222222222222222222233333333333333333333333333333333333333333333333333300000000000000000000000000000000000000000000000000000000
0000000000003333333333332222222222222222222222222222222333333333333333333333333333333333333333333333300000000000000000000000000000000000000000000000000000000000
0000000000000000000000322222222222222222222222222222222222222222222233333333333333333333333333333300000000000000000000000000000000000000000000000000000000000000
0000000000000000000022222222222222222222222222222222222222222222222222333333333333333333333333300000000000000000000000000000000000000000000000000000000000000000
0000000000000000000222222244444444444444444444444444422222222222222222200000000000000000000000000000000000000000000000000000000000000000000000000000000000000000
0000000000000000002222223222222222222222222222222222222222222222222222222000000000000000000000000000000000000000000000000000000000000000000000000000000000000000
0000000000000000000222222333333333333333332222222222222222222222222222222200000000000000000000000000000000000000000000000000000000000000000000000000000000000000
0000000000000000000022222222222222222222222222222222222222222222222222222222000000000000000000000000000000000000000000000000000000000000000000000000000000000000
0000000000000000000000022222222222222222222222222222222222222222222222222222220000000000000000000000000000000000000000000000000000000000000000000000000000000000
0000000000000000000000002222222222222222222222222222222222222222222222222222222000000000000000000000000000000000000000000000000000000000000000000000000000000000
0000000000000000000000000222222222222222222222222222202222222222222222222222222220000000000000000000000000000000000000000000000000000000000000000000000000000000
0000000000000000000000000022222222222222222222222220000002222222222222233333333333000000000000000000000000000000000000000000000000000000000000000000000000000000
0000000000000000000000000000222222222222222222000000000000033333333333333333333330000000000000000000000000000000000000000000000000000000000000000000000000000000
0000000000000000000000000000000000000000000000000000000000000333333333333333333000000000000000000000000000000000000000000000000000000000000000000000000000000000