0000000000000000000000000000000000000000000000000000000000000000000000000000000000000000000000000000000000000000000000000000000000000000000000000444444443333300
0000000000000000000000000000000000000000000000000000000000000000000000000000000000000000000000000000000000000000000000000000000000000000000000004444444433333330
0000000000000000000000000000000000000000000000000000000000000000000000000000000000000000000000000000000000000000000000000000000000000000000000044444444333333330
0000000000000000000000000000000000000000000000000000000000000000000000000000000000000000000000000000000000000000000000000000000000000000000000444444443333333330
0000000000000000000000000000000000000000000000000000000000000000000000000000000000000000000000000000000000000000000000000000000000000000000004444444433333333330
0000000000000000000000000000000000000000000000000000000000000000000000000000000000000000000000000000000000000000000000000000000000000000000044444444333333333300
0000000000000000000000000000000000000000000000000000000000000000000000000000000000000000000000000000000000000000000000000000000000000000000444444443333333333300
0000000000000000000000000000000000000000000000000000000000000000000000000000000000000000000000000000000000000000000000000000000000000000004444444433333333333300
0000000000000000000000000000000000000000000000000000000000000000000000000000000000000000000000000000000000000000000000000000000000000000044444444333333333333300
0000000000000000000000000000000000000000000000000000000000000000000000000000000000000000000000000000000000000000000000000000000000000000444444443333333333333000
0000000000000000000000000000000000000000000000000000000000000000000000000000000000000000000000000000000000000000000000000000000000000004444444433333333333333000
0000000000000000000000000000000000000000000000000000000000000000000000000000000000000000000000000000000000000000000000000000000000000044444444333333333333333000
0000000000000000000000000000000000000000000000000000000000000000000000000000000000000000000000000000000000000000000000000000000000000444444443333333333333333000
0000000000000000000000000000000000000000000000000000000000000000000000000000000000000000000000000000000000000000000000000000000000004444444433333333333333330000
0000000000000000000000000000000000000000000000000000000000000000000000000000000000000000000000000000000000000000000000000000000000044444444333333333333333330000
0000000000000000000000000000000000000000000000000000000000000000000000000000000000000000000000000000000000000000000000000000000000444444443333333333333333330000
0000000000000000000000000000000000000000000000000000000000000000000000000000000000000000000000000000000000000000000000000000000004444444433333333333333333330000
0000000000000000000000000000000000000000000000000000000000000000000000000000000000000000000000000000000000000000000000000000000044444444333333333333333333300000
0000000000000000000000000000000000000000000000000000000000000000000000000000000000000000000000000000000000000000000000000000000444444443333333333333333333300000
0000000000000000000000000000000000000000000000000000000000000000000000000000000000000000000000000000000000000000000000000000004444444433333333333333333333300000
0000000000000000000000000000000000000000000000000000000000000000000000000000000000000000000000300000000000000000300000000000444444444333333333333333333333300000
0000000000000000000000000000000000000000000000000000000000000000000000000000000000000000000003300000000000000003300000000044444444443333333333333333333333000000
0000000000000000000000000000000000000000000000000000000000000000000000000000000000000000000033000000000000000033000000004444444444433333333333333333333333000000
0000000000000000000000000000000000000000000000000000003300000000000000000000000000000000000330000000000000000330000000444444444444333333333333333333333333000000
0000000000000000000000000000000000000000000000000000033300000000000000000000000000000000003330000000000000003330000044444444444443333333333333333333333333000000
0000000000000000000000000000000000000000000000000000333330000000000000000000000000000000033333000000000000033333004444444444444433333333333333333333333330000000
0000000000000000000000000000000000000000000000333333333333333333333333333333333333333333333333333333333333333333333333333333333333333333333333333333333300000000
0000000000000000000000000000000000000000000333333333333333333333333333333333333333333333333333333333333333333333333333333333333333333333333333333333333320000000
0000000000000000000000000000000000000000001111111111113333333111111111111111111111111111111111111111111333333333333333333333333333333333333333333333322222000000
0000000000000000000000000000000000000000011111111111111333331111111111111111111111111111111111111111111133333333333333333333333333333333333333333222222222200000
0000000000000000000000000000000000000000111111111111111333331111111111111111111111111111111111111111111133333333333333333333333333333333333333222222222222200000
0000000000000000000000000000000000000001111111111111111333331111111111111111111111111111111111111111111133333333333333333333333333333333333222222222222222200000
0000000000000000000000000000000000000011111111111111111333331111111111111111111111111111111111111111111133333333333333333333333333333332222222222222222222200000
0000000000000000000000000000000000000111111111111111111333331111111111111111111111111111111111111111111133333333333333333333333333332222222222222222222222200000
0000000000000000000000000000000000001111111111111111111333331111111111111111111111111111111111111111111133333333333333333333333332222222222222222222222222220000
0000000000000000000000000000000000011111111111111111111333331111111111111111111111111111111111111111111133333333333333333333332222222222222222222222222222222200
0000000000000000000000000000333333111111111111111111111333331111111111111111111111111111111111111111111133333333333333333322222222222222222222222222222222222220
0000000000000000000000333333333333111111111111111111111333331111111111111111111111111111111111111111111133333333333333322222222222222222222222222222222222222222
0000000000000000003333333333333333111111111111111111111333331111111111111111111111111111111111111111111133333333333322222222222222222222222222222220222222222220
0000000000000033333333333333333333111111111111111111111333331111111111111111111111111111111111111111111133333333222222222222222222222222222222220000000000000000
0000000000333333333333333333333333111111111111111111111333331111111111111111111111111111111111111111111133333222222222222222222222222222222220000000000000000000
0000000333333333333333333333333333111111111111111111111333331111111111111111111111111111111111111111111133222222222222222222222222222222220000000000000000000000
0000033333333333333333333333333333111111111111111111111333331111111111111111111111111111111111111111111122222222222222222222222222222200000000000000000000000000
0003333333333333333333333333333333111111111111111111111333331111111111111111111111111111111111111111111122222222222222222222222222200000000000000000000000000000
0033333333333333333333333333333333111111111111111111111333331111111111111111111111111111111111111111111122222222222222222222222200000000000000000000000000000000
0333333333333333333333333333333333111111111111111111111333331111111111111111111111111111111111111111111122222222222222222222200000000000000000000000000000000000
2222222222222222222222222222222222111111111111111111111222221111111111111111111111111111111111111111111122222222222222222200000000000000000000000000000000000000
2222222222222222222222222222222222111111111111111111111222221111111111111111111111111111111111111111111122222222222222200000000000000000000000000000000000000000
2222222222222222222222222222222222111111111111111111111222221111111111111111111111111111111111111111111122222222222200000000000000000000000000000000000000000000
0222222222222222222222222222222222211111111111111111112222222111111111111111111111111111111111111111111222222222200000000000000000000000000000000000000000000000
0022222222222222222222222222222222222222222222222222222222222222222222222222222222222222222222222222222222222200000000000000000000000000000000000000000000000000
0000222222222222222222222222222222222222222222222222222222222222222222222222222222222222222222222222222222200000000000000000000000000000000000000000000000000000
0000000022222222222222222222222222222222222222222222222222222222222222222222222222222222222222222222222200000000000000000000000000000000000000000000000000000000
0000000000002222222222222222222222222222222222222222222222222222222222222222222222222222222222222222200000000000000000000000000000000000000000000000000000000000
0000000000000000000000222222222222222222222222222222222222222222222222222222222222222222222222222200000000000000000000000000000000000000000000000000000000000000
0000000000000000000022222222222222222222222222222222222222222222222222222222222222222222222222200000000000000000000000000000000000000000000000000000000000000000
0000000000000000000222222222222222222222222222222222222222222222222222200000000000000000000000000000000000000000000000000000000000000000000000000000000000000000
0000000000000000002222222222222222222222222222222222222222222222222222222000000000000000000000000000000000000000000000000000000000000000000000000000000000000000
0000000000000000000222222222222222222222222222222222222222222222222222222200000000000000000000000000000000000000000000000000000000000000000000000000000000000000
0000000000000000000022222222222222222222222222222222222222222222222222222222000000000000000000000000000000000000000000000000000000000000000000000000000000000000
0000000000000000000000022222222222222222222222222222222222222222222222222222220000000000000000000000000000000000000000000000000000000000000000000000000000000000
0000000000000000000000002222222222222222222222222222222222222222222222222222222000000000000000000000000000000000000000000000000000000000000000000000000000000000
0000000000000000000000000222222222222222222222222222202222222222222222222222222220000000000000000000000000000000000000000000000000000000000000000000000000000000
0000000000000000000000000022222222222222222222222220000002222222222222222222222222000000000000000000000000000000000000000000000000000000000000000000000000000000
0000000000000000000000000000222222222222222222000000000000022222222222222222222220000000000000000000000000000000000000000000000000000000000000000000000000000000
0000000000000000000000000000000000000000000000000000000000000222222222222222222000000000000000000000000000000000000000000000000000000000000000000000000000000000