0000000000000000000000000000000000000000000000000000000000000000000000000000000000000000000000000000000000000000000000000000000000000000000000000333333333333300
0000000000000000000000000000000000000000000000000000000000000000000000000000000000000000000000000000000000000000000000000000000000000000000000003333333333333330
0000000000000000000000000000000000000000000000000000000000000000000000000000000000000000000000000000000000000000000000000000000000000000000000033333333333333330
0000000000000000000000000000000000000000000000000000000000000000000000000000000000000000000000000000000000000000000000000000000000000000000000333333333333333330
0000000000000000000000000000000000000000000000000000000000000000000000000000000000000000000000000000000000000000000000000000000000000000000003333333333333333330
0000000000000000000000000000000000000000000000000000000000000000000000000000000000000000000000000000000000000000000000000000000000000000000033333333333333333300
0000000000000000000000000000000000000000000000000000000000000000000000000000000000000000000000000000000000000000000000000000000000000000000333333333333333333300
0000000000000000000000000000000000000000000000000000000000000000000000000000000000000000000000000000000000000000000000000000000000000000003333333333333333333300
0000000000000000000000000000000000000000000000000000000000000000000000000000000000000000000000000000000000000000000000000000000000000000033333333333333333333300
0000000000000000000000000000000000000000000000000000000000000000000000000000000000000000000000000000000000000000000000000000000000000000333333333333333333333000
0000000000000000000000000000000000000000000000000000000000000000000000000000000000000000000000000000000000000000000000000000000000000003333333333333333333333000
0000000000000000000000000000000000000000000000000000000000000000000000000000000000000000000000000000000000000000000000000000000000000033333333333333333333333000
0000000000000000000000000000000000000000000000000000000000000000000000000000000000000000000000000000000000000000000000000000000000000333333333333333333333333000
0000000000000000000000000000000000000000000000000000000000000000000000000000000000000000000000000000000000000000000000000000000000003333333333333333333333330000
0000000000000000000000000000000000000000000000000000000000000000000000000000000000000000000000000000000000000000000000000000000000033333333333333333333333330000
0000000000000000000000000000000000000000000000000000000000000000000000000000000000000000000000000000000000000000000000000000000000333333333333333333333333330000
0000000000000000000000000000000000000000000000000000000000000000000000000000000000000000000000000000000000000000000000000000000003333333333333333333333333330000
0000000000000000000000000000000000000000000000000000000000000000000000000000000000000000000000000000000000000000000000000000000033333333333333333333333333300000
0000000000000000000000000000000000000000000000000000000000000000000000000000000000000000000000000000000000000000000000000000000333333333333333333333333333300000
0000000000000000000000000000000000000000000000000000000000000000000000000000000000000000000000000000000000000000000000000000003333333333333333333333333333300000
0000000000000000000000000000000000000000000000000000000000000000000000000000000000000000000000200000000000000000200000000000333333333333333333333333333333300000
0000000000000000000000000000000000000000000000000000000000000000000000000000000000000000000002200000000000000002200000000033333333333333333333333333333333000000
0000000000000000000000000000000000000000000000000000000000000000000000000000000000000000000022000000000000000022000000003333333333333333333333333333333333000000
0000000000000000000000000000000000000000000000000000002200000000000000000000000000000000000220000000000000000220000000333333333333333333333333333333333333000000
0000000000000000000000000000000000000000000000000000022200000000000000000000000000000000002220000000000000002220000033333333333333333333333333333333333333000000
0000000000000000000000000000000000000000000000000000222220000000000000000000000000000000022222000000000000022222003333333333333333333333333333333333333330000000
0000000000000000000000000000000000000000000000222222222222222222222222222222222222222222222222222222222222222222223333333333333333333333333333333333333300000000
0000000000000000000000000000000000000000000222222222222222222222222222222222222222222222222222222222222222222222222333333333333333333333333333333333333330000000
0000000000000000000000000000000000000000001111111111112222222111111111111111111111111111111111111111111222222222222233333333333333333333333333333333333333000000
0000000000000000000000000000000000000000011111111111111222221111111111111111111111111111111111111111111122222222222223333333333333333333333333333333333333300000
0000000000000000000000000000000000000000111111111111111222221111111111111111111111111111111111111111111122222222222222333333333333333333333333333333333333300000
0000000000000000000000000000000000000001111111111111111222221111111111111111111111111111111111111111111122222222222222233333333333333333333333333333333333300000
0000000000000000000000000000000000000011111111111111111222221111111111111111111111111111111111111111111122222222222222223333333333333333333333333333333333300000
0000000000000000000000000000000000000111111111111111111222221111111111111111111111111111111111111111111122222222222222222333333333333333333333333333333333300000
0000000000000000000000000000000000001111111111111111111222221111111111111111111111111111111111111111111122222222222222222233333333333333333333333333333333330000
0000000000000000000000000000000000011111111111111111111222221111111111111111111111111111111111111111111122222222222222222223333333333333333333333333333333333300
0000000000000000000000000000222222111111111111111111111222221111111111111111111111111111111111111111111122222222222222222222333333333333333333333333333333333330
0000000000000000000000222222222222111111111111111111111222221111111111111111111111111111111111111111111122222222222222222222233333333333333333333333333333333333
0000000000000000002222222222222222111111111111111111111222221111111111111111111111111111111111111111111122222222222222222222223333333333333333333330333333333330
0000000000000022222222222222222222111111111111111111111222221111111111111111111111111111111111111111111122222222222222222222222333333333333333330000000000000000
0000000000222222222222222222222222111111111111111111111222221111111111444441111111444441111111444441111122222222222222222222222233333333333330000000000000000000
0000000222222222222222222222222222111111111111111111111222221111111114444444111114444444111114444444111122222222222222222222222223333333330000000000000000000000
0000022222222222222222222222222222111111111111111111111222221111111114444444111114444444111114444444111122222222222222222222222222333300000000000000000000000000
0002222222222222222222222222222222111111111111111111111222221111111114444444111114444444111114444444111122222222222222222222222222200000000000000000000000000000
0022222222222222222222222222222222111111111111111111111222221111111114444444111114444444111114444444111122222222222222222222222200000000000000000000000000000000
0222222222222222222222222222222222111111111111111111111222221111114444414444114444414444114444414444111122222222222222222222200000000000000000000000000000000000
2222222222222222222222222222222222111111111111111111111222221111111114411111111114411111111114411111111122222222222222222200000000000000000000000000000000000000
2222222222222222222222222222222222111111111111111111111222221111144444444444144444444444144444444444111122222222222222200000000000000000000000000000000000000000
2222222222222222222222222222222222111111111111111111111222221111114444444441114444444441114444444441111122222222222200000000000000000000000000000000000000000000
0222222222222222222222222222222222211111111111111111112222222111111111111111111111111111111111111111111222222222200000000000000000000000000000000000000000000000
0022222222222222222222222222222223333333333333222222222222222222222222222222222222222222222222222222222222222200000000000000000000000000000000000000000000000000
0000222222222222222222222222333333333333333333333332222222222222222222222222222222222222222222222222222222200000000000000000000000000000000000000000000000000000
0000000022222222222222222233333333333333333333333333322222222222222222222222222222222222222222222222222200000000000000000000000000000000000000000000000000000000
0000000000002222222222223333333333333333333333333333333222222222222222222222222222222222222222222222200000000000000000000000000000000000000000000000000000000000
0000000000000000000000233333333333333333333333333333333222222222222222222222222222222222222222222200000000000000000000000000000000000000000000000000000000000000
0000000000000000000022233333333333333333333333333333333222222222222222222222222222222222222222200000000000000000000000000000000000000000000000000000000000000000
0000000000000000000222233333333333333333333333333333322222222222222222200000000000000000000000000000000000000000000000000000000000000000000000000000000000000000
0000000000000000002222233333333333333333333333333332222222222222222222222000000000000000000000000000000000000000000000000000000000000000000000000000000000000000
0000000000000000000222233333333333333333332222222222222222222222222222222200000000000000000000000000000000000000000000000000000000000000000000000000000000000000
0000000000000000000022233333333333333333333322222222222222222222222222222222000000000000000000000000000000000000000000000000000000000000000000000000000000000000
0000000000000000000000033333333333333333333333322222222222222222222222222222220000000000000000000000000000000000000000000000000000000000000000000000000000000000
0000000000000000000000003333333333333333333333333322222222222222222222222222222000000000000000000000000000000000000000000000000000000000000000000000000000000000
0000000000000000000000000333333333333333333333333333302222222222222222222222222220000000000000000000000000000000000000000000000000000000000000000000000000000000
0000000000000000000000000033333333333333333333333330000002222222222222222222222222000000000000000000000000000000000000000000000000000000000000000000000000000000
0000000000000000000000000000333333333333333333000000000000022222222222222222222220000000000000000000000000000000000000000000000000000000000000000000000000000000
0000000000000000000000000000000000000000000000000000000000000222222222222222222000000000000000000000000000000000000000000000000000000000000000000000000000000000