0000000000000000000000000000000000000000000000000000000000000000000000000000000000000000000000000000000000000000000000000
0000000000000000000000000000000000000000000000000000000000001000000000000000000000000000000000000000000000000000000000000
0000000000000000000000000000000000000000000000000000000000010000000000000000000000000000000000000000000002222200000000000
0000000000000000000000000000000000000000000000000000000000100000000000000000000000000000000000000000000222222222000000000
0000000000000000000000000000000000000000000000000000000001000000000000000000000000000000000000000000002222222222200000000
0000000000000000000000000000000000000000000000000000000111100000000000000000000000000000000000000000022222222222220000000
0000000000000000000000000000000000000000222222222222222222222222222222000000000000000000000000000000022222222222220000000
0000000000000000000000000000000000022222222222222222222222222222222222222200000000000000000000000000222222222222220000000
0000000000000000000000000000000002222222222222222222222222222222222222222222200000000000000000000000222222222222222000000
0000000000000000000000000000000222222222222222222222222222222222222222222222222220000000000000000002222222222222222000000
0000000000000000000000000000001111111111112221111111111111111111111111111112222222220000000000000002222222222222222000000
0000000000000000000000000000011111111111111211111111111111111111111111111111222222222220000000000022222222222222222000000
0000000000000000000000000000111111111111111211111111111111111111111111111111222222222222200000000022222222222222222000000
0000000000000000000000000001111111111111111211111111111111111111111111111111222222222222222000000022222222222222222000000
0000000000000000000000000011111111111111111211111111111111111111111111111111222222222222222222000222222222222222222000000
0000000000000000000000000111111111111111111211111111111111111111111111111111222222222222222222222222222222222222222000000
0000000000000000000000001111111111111111111211111111111111111111111111111111222222222222222222222222222222222222222000000
0000000000000000000000011111111111111111111211111111111111111111111111111111222222222222222222222222222222222222222000000
0000000000222222222222111111111111111111111211111111111111111111111111111111222222222222222222222222222222222222222000000
0000000222222222222222111111111111111111111211111111111111111111111111111111222222222222222222222222222222222222222000000
0000002222222222222222111111111111111111111211111111111111111111111111111111222222222223333333333333333333323333333000000
0002222222222222222222111111111111111111111211111111111111111111111111111111222222222233333333333333333333332333333000000
0022222222222222222222111111111111111111111211111111114444411111111111111111222222222333333333333333333333332333333000000
0222222222222222222222111111111111111111111211111111144444441111111111111111222222223333333333333322222222222222223000000
0022222222222222222222111111111111111111111211111111144444441111111111111111222222233333333333333222222222222222222200000
0002223333333333333333111111111111111111111311111111144444441111111111111111333333333333333333333332222222222222222222000
0000003333333333333333111111111111111111111311111111144444441111111111111111333333333333333333333333333222222222222222220
0000003333333333333333111111111111111111111311111144444144441111111111111111333333333333333333333333333332222222222222222
0000002222222222222222111111111111111111111211111111144111111111111111111111222222222222222222222222222222222222222222222
0000002222222222222222111111111111111111111211111444444444441111111111111111222222222222222222222222222222222222222222220
0000002222222222222222111111111111111111111211111144444444411111111111111111222222222222222222222222222222222222200000000
0000000222222222222222211111111111111111112221111111111111111111111111111112222222222222222222222222222222222200000000000
0000000222222222222222222222222222222222222222222222222222222222222222222222222222222222222222222222222111000000000000000
0000000222222222222222222222222222222222222222222222222222222222222222222222222222222222222222222000000111000000000000000
0000000022222222222222222222222222222222222222222222222222222222222222222222222222000000000000000000000011110000000000000
0000000002222222222222222222222222222222222222222222222222222222222222222220000000000000000000000000000001111000000000000
0000000000222222222222222222222222222222222222222222222222222222222200000000000000000000000000000000000011111100000000000
0000000000002222222222222222222222222222222222222222222222222222222000000000000000000000000000000000000011111100000000000
0000000000000000222222222222222222222222222222222222222222222222222200000000000000000000000000000000000001111000000000000
0000000000000000000000000000000000000022222222222222222222222222222222000000000000000000000000000000000000110000000000000
0000000000000000000000000000000000000000022222222222222222222222222222220000000000000000000000000000000000000000000000000
0000000000000000000000000000000000000000000022222222222222222222222222222000000000000000000000000000000000000000000000000
0000000000000000000000000000000000000000000000002222222222222222222222222220000000000000000000000000000000000000000000000
0000000000000000000000000000000000000000000000000002222222222222222222222222000000000000000000000000000000000000000000000
0000000000000000000000000000000000000000000000000000022222222222222222222220000000000000000000000000000000000000000000000
0000000000000000000000000000000000000000000000000000000222222222222222222000000000000000000000000000000000000000000000000