0000000000000000000000000000000000000000000000000000000000000000000000000000000000000000000000000000000000000000000000000
0000000000000000000000000000000000000000000000000000000000001000000000000000000000000000000000000000000000000000000000000
0000000000000000000000000000000000000000000000000000000000010000000000000000000000000000000000000000000002222200000000000
0000000000000000000000000000000000000000000000000000000000100000000000000000000000000000000000000000000222222222000000000
0000000000000000000000000000000000000000000000000000000001000000000000000000000000000000000000000000002222222222200000000
0000000000000000000000000000000000000000000000000000000111100000000000000000000000000000000000000000022222222222220000000
0000000000000000000000000000000000000000222222222222222222222222222222000000000000000000000000000000022222222222220000000
0000000000000000000000000000000000022222222222222222222222222222222222222200000000000000000000000000222222222222220000000
0000000000000000000000000000000002222222222222222222222222222222222222222222200000000000000000000000222222222222222000000
0000000000000000000000000000000222222222222222222222222222222222222222222222222220000000000000000002222222222222222000000
0000000000000000000000000000001111111111112221111111111111111111111111111112222222220000000000000002222222222222222000000
0000000000000000000000000000011111111111111211111111111111111111111111111111222222222220000000000022222222222222222000000
0000000000000000000000000000111111111111111211111111111111111111111111111111222222222222200000000022222222222222222000000
0000000000000000000000000001111111111111111211111111111111111111111111111111222222222222222000000022222222222222222000000
0000000000000000000000000011111111111111111211111111111111111111111111111111222222222222222222000222222222222222222000000
0000000000000000000000000111111111111111111211111111111111111111111111111111222222222222222222222222222222222222222000000
0000000000000000000000001111111111111111111211111111111111111111111111111111222222222222222222222222222222222222222000000
0000000000000000000000011111111111111111111211111111111111111111111111111111222222222222222222222222222222222222222000000
0000000000222222222222111111111111111111111211111111111111111111111111111111222222222222222222222222222222222222222000000
0000000222222222222222111111111111111111111211111111111111111111111111111111222222222222222222222222222222222222222000000
0000002222222222222222111111111111111111111211111111111111111111111111111111222222222222222222222222222222222222222000000
0003332222222222222222111111111111111111111211111111111111111111111111111111222222222222222222222222222222222222222000000
0033332222222222222222111111111111111111111211111111111111111111111111111111222222222222222222222222222222222222222000000
0333332222222222222222111111111111111111111211111111111111111111111111111111222222222222222222222222222222222222222000000
0033332222222222222222111111111111111111111211111111111111111111111111111111222222222222222222222222222222222222222200000
0003332222222222222222111111111111111111111211111111111111111111111111111111222222222222222222222222222222222222222222000
0000002222222222222222111111111111111111111211111111111111111111111111111111222222222222222222222222222222222222222222220
0000002222222222222222111111111111111111111211111111111111111111111111111111222222222222233333333333333332222222222222222
0000003333333333333333111111111111111111111311111111111111111111111111111111333333333333333333333333333333332222222222222
0000003333333333333333111111111111111111111311111111111111111111111111111111333333333333344444444444444444444422222222220
0000004444444444444444111111111111111111111411111111111111111111111111111111444444444444444444444444444444444444400000000
0000000444444444444444411111111111111111114441111111111111111111111111111114444444444444444444444444444444444400000000000
0000000444444444444444444444444444444444444444444444444444444444444444444444444444444444444444444444444111000000000000000
0000000444444444444444444444444444444444444444444444444444444444444444444444444444444444444444444000000111000000000000000
0000000044444444444444444444444444444444444444444444444444444444444444444444444444000000000000000000000011110000000000000
0000000004444444444444444444444444444444444444444444444444444444444444444440000000000000000000000000000001111000000000000
0000000000444444444444444444444444444444444444444444444444444444444400000000000000000000000000000000000011111100000000000
0000000000004444444444444444444444444444444444444444444444444444444000000000000000000000000000000000000011111100000000000
0000000000000000444444444444444444444444444444444444444444444444444400000000000000000000000000000000000001111000000000000
0000000000000000000000000000000000000044444444444444444444444444444444000000000000000000000000000000000000110000000000000
0000000000000000000000000000000000000000044444444444444444444444444444440000000000000000000000000000000000000000000000000
0000000000000000000000000000000000000000000044444444444444444444444444444000000000000000000000000000000000000000000000000
0000000000000000000000000000000000000000000000004444444444444444444444444440000000000000000000000000000000000000000000000
0000000000000000000000000000000000000000000000000004444444444444444444444444000000000000000000000000000000000000000000000
0000000000000000000000000000000000000000000000000000044444444444444444444440000000000000000000000000000000000000000000000
0000000000000000000000000000000000000000000000000000000444444444444444444000000000000000000000000000000000000000000000000