00000000000000000000000000000000000000000000000000000000000000000000000000000000000000000000000000000000000000000000000000000000000222220000000000
00000000000000000000000000000000000000000000000000000000000000000000000000000000000000000000000000000000000000000000000000000000022222222200000000
00000000000000000000000000000000000000000000000000000000000000000000000000000000000000000000000000000000000000000000000000000000222222222220000000
00000000000000000000000000000000000000000000000000000000000000000000000000000000000000000000000000000000000000000000000000000002222222222222000000
00000000000000000000000000000000000000000000000000000000000000000000000000000000000000000000000000000000000000000000000000000022222222222222200000
00000000000000000000000000000000000000000000000000000000000000000000000000000000000000000000000000000000000000000000000000000022222222222222220000
00000000000000000000000000000000000000000000000000000000000000000000000000000000000000000000000000000000000000000000000000000222222222222222220000
00000000000000000000000000000000000000000000000000000000000000000000000000000000000000000000000000000000000000000000000000000222222222222222222000
00000000000000000000000000000000000000000000000000000000000000000000000000000000000000000000000000000000000000000000000000002222222222222222222000
00000000000000000000000000000000000000000000000000000000000000000000000000000000000000000000000000000000000000000000000000002222222222222222222200
00000000000000000000000000000000000000000000000000001221111111111122110000000000000000000000000000000000000000000000000000022223333322222222222200
00000000000000000000000000000000000000000000000000111221111111111122111112112222222000000000000000000000000000000000000000022223333322222222222200
00000000000000000000000000000000000000000000000002111221111111111122111112112222222222222222200000000000000000000000000000222222222222222222222220
00000000000000000000000000000000000000000000000021221221111111111122111112112222222222222222222222222200000000000000000000222222222222222222222220
00000000000000000000000000000000000000000000000211112221111111111122211112112222222222222222222222222222222222220000000002222222222222222222222222
00000000000000000000000000000000000000000000002111121221111111111112211112112222222222222222222222222222222222222222222222222222222222222222222222
00000000000000000000000000000000000000000000021111211221111111111112211112112222222222222222222222222222222222222222222222222222222222222222222222
00000000000000000000000000000000000000000000211112111221111111111112211112112222222222222222222222222222222222222222222222222222222222222222222222
00000000000000000000000000000000000000000002111121111221111111111112221112112222222222222222222222222222222222222222222222222222222222222222222222
00000000000000000000000000022222222222222221111211111221111111111111221112112222222222222222222222222222222222222222222222222222222222222222222222
00000000000000000022222222222222222222222221112111111221111111111111221112112222222222222222222222222222222222222222222222222222222222222222222222
00000000000222222222222222222222222222222221111111111221111111111111221112112222222222222222222222222222222222222222222222222222222222222222222220
00000002222222222211112222222222222222222221111122222222222222222222222222222222222222222222222222222222222222222222222222222222222222222222222220
00000022222222222111111222222222222222222221111122222224444412222222244444122222222222222222222222222222222222222222222222222222222222222222222200
00000222222222222111111222222222222222222221111122222244444441222222444444412222222222222222222222222222222222222222222222222222222222222222222200
00000222222222222211112222222222222222222221111111111144444441111111444444411122222222222222222222222222222222222222222222222222222222222222222000
00222222222222222222222222222222222222222221111111111144444441111111444444411122222222222222222222222222222222222222222222222222222222222222220000
02222222222222222211111111111111222222222221111111111144444441111111444444411122222222222222222222222222222222222222222222222222222223332220000000
22222222222222222111111111111111222222222221111111144444144441111444441444411122222222222222222222222222222222222222222222222222223333330000000000
02222222222222222111111111111111222222222221111111111144111111111111441111111122222222222222222222222222222222222222222222222333333330000000000000
00222222222222222211111111111111222222222221111111444444444441114444444444411122222222222222222222222222222222222222222333333333300000000000000000
00000222222222222222222222222222222222222221111111144444444411111444444444111122222222222222222222222222222222222333333333333300000000000000000000
00000222222222111111111112222222222222222222111111111111111111111111111111111222222222222222222222222222222233333333333330000000000000000000000000
00000022222111111111111111112222222222222222233333322222222222222222222222222222222222222222222222222233333333333330000000000000000000000000000000
00000002111111111111111111111112222222222222333333333333222222222222222222222222222222222222222233333333333330000000000000000000000000000000000000
00000000011111111111111111111111222222222223333333333333333222222222222222222222222222222233333333333330000000000000000000000000000000000000000000
00000000000111111111111111111111122222222233333333333333333333222222222222222222222222223333333330000000000000000000000000000000000000000000000000
00000000000111111111111111111111112222222233333333333333333333333222222222222222222222333330000000000000000000000000000000000000000000000000000000
00000000000111111111111111111111111222222233333333333333333333333333222222222222222223330000000000000000000000000000000000000000000000000000000000
00000000000111111111111111111111111122222333333333333333333333333333333222222222222333300000000000000000000000000000000000000000000000000000000000
00000000000111111111111111111111111222222333333333333333333333333333333333222222333333000000000000000000000000000000000000000000000000000000000000
00000000000111111111111111111111112222222333333333333333333333333333333333333333333000000000000000000000000000000000000000000000000000000000000000
00000000000111111111111111111111122222223333333333333333333333333333333333333330000000000000000000000000000000000000000000000000000000000000000000
00000000000011111111111111111113333333333333333333333333333333333333333333000000000000000000000000000000000000000000000000000000000000000000000000
00000000000001111111111111113333333333333333333333333333333333333333330000000000000000000000000000000000000000000000000000000000000000000000000000
00000000000000011111111113333333333333333333333333333333333333333000000000000000000000000000000000000000000000000000000000000000000000000000000000
00000000000000000333333333333333333003333333333333333333333300000000000000000000000000000000000000000000000000000000000000000000000000000000000000
00000000000000000000033333333330000000333333333333333333000000000000000000000000000000000000000000000000000000000000000000000000000000000000000000