00000000000000000000000000000000000000000000000000000000000000000000000000000000000000000000000000000000000000000000000000000000000000000000000000000000000000000000000000000000000000000000000000000000000000000000000000000000000000
00000000000000000000000000000000000000000000000000000000000000000000000000000000000000000000000000000000000000000000000000000000000000000000000000000000000000000000000000000000000000000000000000000000000000033333333333333333330000
00000000000000000000000000000000000000000000000000000000000000000000000000000000000000000000000000000000000000000000000000000000000000000000000000000000000000000000000000000000000000000000000000000000000033333333333333333333333000
00000000000000000000000000000000000000000000000000000000000000000000000000000000000000000000000000000000000000000000000000000000000000000000000000000000000000000000000000000000000000000000000000000000000333333333333333333333333300
00000000000000000000000000000000000000000000000000000000000000000000000000000000000000000000000000000000000000000000000000000000000000000000000000000000000000000000000000000000000000000000000000000000003333333333333333333333333300
00000000000000000000000000000000000000000000000000000000000000000000000000000000000000000000000000000000000000000000000000000000000000000000000000000000000000000000000000000000000000000000000000000000033333333333333333333333333300
00000000000000000000000000000000000000000000000000000000000000000000000000000000000000000000000000000000000000000000000000000000000000000000000000000000000000000000000000000000000000000000000000000000333333333333333333333333333333
00000000000000000000000000000000000000000000000000000000000000000000000000000000000000000000000000000000000000000000000000000000000000000000000000000000000000000000000000000000000000000000000000000003333333333333333333333333333333
00000000000000000000000000000000000000000000000000000000000000000000000000000000000000000000000000000000000000000000000000000000000000000000000000000000000000000000000000000000000000000000000000000033333333333333333333333330000000
00000000000000000000000000000000000000000000000000000000000000000000000000000000000000000000000000000000000000000000000000000000000000000000000000000000000000000000000000000000000000000000000000000333333333333333333333333300000000
00000000000000000000000000000000000000000000000000000000000000000000000000000000000000000000000000000000000000000000000000000000000000000000000000000000000000000000000000000000000000000000000000003333333333333333333333333000000000
00000000000000000000000000000000000000000000000000000000000000000000000000000000000000000000000000000000000000000000000000000000000000000000000000000000000000000000000000000000000000000000000000033333333333333333333333333000000000
00000000000000000000000000000000000000000000000000000000000000000000000000000000000000000000000000000000000000000000000000000000000000000000000000000000000000000000000000000000000000000000000000333333333333333333333333330000000000
00000000000000000000000000000000000000000000000000000000000000000000000000000000000000000000000000000000000000000000000000000000000000000000000000000000000000000000000000000000000000000000000003333333333333333333333333330000000000
00000000000000000000000000000000000000000000000000000000000000000000000000000000000000000000000000000000000000000000000000000000000000000000000000000000000000000000000000000000000000000000000033333333333333333333333333300000000000
00000000000000000000000000000000000000000000000000000000000000000000000000000000000000000000000000000000000000000000000000000000000000000000000000000000000000000000000000000000000000000000000333333333333333333333333333300000000000
00000000000000000000000000000000000000000000000000000000000000000000000000000000000000000000000000000000000000000000000000000000000000000000000000000000000000000000000000000000000000000000003333333333333333333333333333000000000000
00000000000000000000000000000000000000000000000000000000000000000000000000000000000000000000000000000000000000000000000000000000000000000000000000000000000000000000000000000000000000000000033333333333333333333333333333000000000000
00000000000000000000000000000000000000000000000000000000000000000000000000000000000000000000000000000000000000000000000000000000000000000000000000000000000000000000000000000000000000000000333333333333333333333333333330000000000000
00000000000000000000000000000000000000000000000000000000000000000000000000000000000000000000000000000000000000000000000000000000000000000000000000000000000000000000000000000000000000000003333333333333333333333333333330000000000000
00000000000000000000000000000000000000000000000000000000000000000000000000000000000000000000000000000000000000000000000000000000000000000000000000000000000000000000000000000000000000000033333333333333333333333333333300000000000000
00000000000000000000000000000000000000000000000000000000000000000000000000000000000000000000000000000000000000000000000000000000000000000000000000000000000000000000000000000000000000000333333333333333333333333333333300000000000000
00000000000000000000000000000000000000000000000000000000000000000000000000000000000000000000000000000000000000000000000000000000000000000000000000000000000000000000000000000000000000003333333333333333333333333333333000000000000000
00000000000000000000000000000000000000000000000000000000000000000000000000000000000000000000000000000000000000000000000000000000000000000000000000000000000000000000000000000000000000033333333333333333333333333333333000000000000000
00000000000000000000000000000000000000000000000000000000000000000000000000000000000000000000000000000000000000000000000000000000000000000000000000000000000000000000000000000000000000333333333333333333333333333333330000000000000000
00000000000000000000000000000000000000000000000000000000000000000000000000000000000000000000000000000000000000000000000000000000000000000000000000000000000000000000000000000000000003333333333333333333333333333333330000000000000000
00000000000000000000000000000000000000000000000000000000000000000000000000000000000000000000000000000000000000000000000000000000000000000000000000000000000000000000000000000000000033333333333333333333333333333333300000000000000000
00000000000000000000000000000000000000000000000000000000000000000000000000000000000000000000000000000000000000000000000000000000000000000000000000000000000000000000000000000000000333333333333333333333333333333333300000000000000000
00000000000000000000000000000000000000000000000000000000000000000000000000000000000000000000000000000000000000000000000000000000000000000000000000000000000000000000000000000000003333333333333333333333333333333333000000000000000000
00000000000000000000000000000000000000000000000000000000000000000000000000000000000000000000000000000000000000000000000000000000000000000000000000000000000000000000000000000000033333333333333333333333333333333333000000000000000000
00000000000000000000000000000000000000000000000000000000000000000000000000000000000000000000000000000000000000000000000000000000000000000000000000000000000000000000000000000000333333333333333333333333333333333330000000000000000000
00000000000000000000000000000000000000000000000000000000000000000000000000000000000000000000000000000000000000000000000000000000000000000000000000000000000000000000000000000003333333333333333333333333333333333330000000000000000000
00000000000000000000000000000000000000000000000000000000000000000000000000000000000000000000000000000000000000000000000000000000000000000000000000000000000000000000000000000033333333333333333333333333333333333300000000000000000000
00000000000000000000000000000000000000000000000000000000000000000000000000000000000000000000000000000000222222000000000000000000000000000000000000000000000000000000333333333333333333333333333333333333333333333300000000000000000000
00000000000000000000000000000000000000000000000000000000000000000000000000000000000000000000000000000002220000000000000000000000000000000000000000000000000033333333333333333333333333333333333333333333333333333000000000000000000000
00000000000000000000000000000000000000000000000000000000000000000000000000000000000000000000000000000002220000000000000000000000000000000002222222222222222222222333333333333333333333333333333333333333333333333000000000000000000000
00000000000000000000000000000000000000000000000000000000000000000000000000000000000000000000000000000022222000000000000000000000000000000222222222222222222222222222222233333333333333333333333333333333333333330000000000000000000000
00000000000000000000000000000000000000000000000000000222222222222222222222222222222222222222222222222222222222222222222222222222222222222222222222222222222222222222222222233333333333333333333333333333333333330000000000000000000000
00000000000000000000000000000000000000000000000002222222222222222222222222222222222222222222222222222222222222222222222222222222222222222222222222222222222222222222222222222333333333333333333333333333333333300000000000000000000000
00000000000000000000000000000000000000000000000222222222222222222222222222222222222222222222222222222222222222222222222222222222222222222222222222222222222222222222222222222222222222222222222222223333333333300000000000000000000000
00000000000000000000000000000000000000000000001111111111112222222111111111111111111111111111111111111111111111111111111111111111111222222222222222222222222222222222222222222222222222222222222222222222222222222200000000000000000000
00000000000000000000000000000000000000000000011111111111111222221111111111111111111111111111111111111111111111111111111111111111111122222222222222222222222222222222222222222222222222222222222222222222222222222220000000000000000000
00000000000000000000000000000000000000000000111111111111111222221111111111111111111111111111111111111111111111111111111111111111111122222222222222222222222222222222222222222222222222222222222222222222222222222220000000000000000000
00000000000000000000000000000000000000000001111111111111111222221111111111111111111111111111111111111111111111111111111111111111111122222222222222222222222222222222222222222222222222222222222222222222222222222200000000000000000000
00000000000000000000000000000000000000000011111111111111111222221111111111111111111111111111111111111111111111111111111111111111111122222222222222222222222222222222222222222222222222222222222222222222222222222000000000000000000000
00000000000000000000000000000000000000000111111111111111111222221111111111111111111111111111111111111111111111111111111111111111111122222222222222222222222222222222222222222222222222222222222222222222222222200000000000000000000000
00000000000000000000000000000000000000001111111111111111111222221111111111111111111111111111111111111111111111111111111111111111111122222222222222222222222222222222222222222222222222222222222222222222222222200000000000000000000000
00000000000000000000000000000000000000011111111111111111111222221111111111111111111111111111111111111111111111111111111111111111111122222222222222222222222222222222222222222222222222222222222222222222222222220000000000000000000000
00000000000000000000000000000000000002111111111111111111111222221111111111111111111111111111111111111111111111111111111111111111111122222222222222222222222222222222222222222222222222222222222222222222222222220000000000000000000000
00000000000000000000000000000000000222111111111111111111111222221111111111111111111111111111111111111111111111111111111111111111111122222222222233333333333222222222222222222222222222222222222222222222222222220000000000000000000000
00000000000000000000000000000000022222111111111111111111111222221111111111111111111111111111111111111111111111111111111111111111111122222222222233333333333222222222222222222222222222222222222222222222222222222000000000000000000000
00000000000000000000000000000022222222111111111111111111111222221111111111111111111111111111111111111111111111111111111111111111111122222222222333333333333222222222222222222222222222222222222222222222222222222000000000000000000000
00000000000000000000000000002222222222111111111111111111111222221111111111444441111111444441111111444441111111444441111111444441111122222222222333333333332222222222222222222222222222222222222222222222222222222000000000000000000000
00000000000000000000000002222222222222111111111111111111111222221111111114444444111114444444111114444444111114444444111114444444111122222222223333333333332222222222222222222222222222222222222222222222222220000000000000000000000000
00000000000000000000002222222222222222111111111111111111111222221111111114444444111114444444111114444444111114444444111114444444111122222222223333333333332222222222222222222222222222222222222222222222000000000000000000000000000000
00000000000000000002222222222222222222111111111111111111111222221111111114444444111114444444111114444444111114444444111114444444111122222222233333333333332222222222222222222222000000000000000000000000000000000000000000000000000000
00000000000000002222222222222222222222111111111111111111111222221111111114444444111114444444111114444444111114444444111114444444111122222222233333333333332222222222222222222000000000000000000000000000000000000000000000000000000000
00000000000002222222222222222222222222111111111111111111111222221111114444414444114444414444114444414444114444414444114444414444111122222222333333333333322222222222222222000000000000000000000000000000000000000000000000000000000000
00000000002222222222222222222222222222111111111111111111111222221111111114411111111114411111111114411111111114411111111114411111111122222222333333333333322222222222220000000000000000000000000000000000000000000000000000000000000000
00000002222222222222222222222222222222111111111111111111111222221111144444444444144444444444144444444444144444444444144444444444111122222223333333333333322222222220000000000000000000000000000000000000000000000000000000000000000000
00002222222222222222222222222222222222111111111111111111111222221111114444444441114444444441114444444441114444444441114444444441111122222233333333333333322222220000000000000000000000000000000000000000000000000000000000000000000000
00222222222222222222222222222222222222211111111111111111112222222111111111111111111111111111111111111111111111111111111111111111111222222233333333333333322220000000000000000000000000000000000000000000000000000000000000000000000000
02222222222222222222222222222222222222222222222222222222222222222222222222222222222222222222222222222222222222222222222222222222222222222333333333333333220000000000000000000000000000000000000000000000000000000000000000000000000000
44444444444444444444444444444444444444444444444444444444444444444444444444444444444444444444444444444444444444444444444444444444444444444333333333333333000000000000000000000000000000000000000000000000000000000000000000000000000000
44444444444444444444444444444444444444444444444444444444444444444444444444444444444444444444444444444444444444444444444444444444444444443333333333333333000000000000000000000000000000000000000000000000000000000000000000000000000000
22222222222222222222222222222222222222222222222222222222222222222222222222222222222222222222222222222222222222222222222222222222222222223333333333333333000000000000000000000000000000000000000000000000000000000000000000000000000000
22222222222222222222222222222222222222222222222222222222222222222222222222222222222222222222222222222222222222222222222222222222222222233333333333333333000000000000000000000000000000000000000000000000000000000000000000000000000000
02222222222222222222222222222222222222222222222222222222222222222222222222222222222222222222222222222222222222222222222222222222222222233333333333333333000000000000000000000000000000000000000000000000000000000000000000000000000000
00222222222222222222222222222222222222222222222222222222222222222222222222222222222222222222222222222222222222222222222222222222222222333333333333333330000000000000000000000000000000000000000000000000000000000000000000000000000000
00002222222222222222222222222222222222222222222222222222222222222222222222222222222222222222222222222222222222222222222222222222222223333333333333333330000000000000000000000000000000000000000000000000000000000000000000000000000000
00000002222222222222222222222222222222222222222222222222222222222222222222222222222222222222222222222222222222222222222222222222222223333333333333333330000000000000000000000000000000000000000000000000000000000000000000000000000000
00000000002222222222222222222222222222222222222222222222222222222222222222222222222222222222222222222222222222222222222222222222222233333333333333333330000000000000000000000000000000000000000000000000000000000000000000000000000000
00000000000000002222222222222222222222222222222222222222222222222222222222222222222222222222222222222222222222222222222222222222222233333333333333333330000000000000000000000000000000000000000000000000000000000000000000000000000000
00000000000000000000000000000000000000000000000000000000000000000000000000000222222222222222222222222222222222222222222222222222222333333333333333333300000000000000000000000000000000000000000000000000000000000000000000000000000000
00000000000000000000000000000000000000000000000000000000000000000000000000000222222200000000000000000000000000000000222222222222233333333333333333333300000000000000000000000000000000000000000000000000000000000000000000000000000000
00000000000000000000000000000000000000000000000000000000000000000000000000000022222200000000000000000000000000000000022222222223333333333333333333333300000000000000000000000000000000000000000000000000000000000000000000000000000000
00000000000000000000000000000000000000000000000000000000000000000000000000000022222200000000000000000000000000000000003333333333333333333333333333333300000000000000000000000000000000000000000000000000000000000000000000000000000000
00000000000000000000000000000000000000000000000000000000000000000000000000000002222200000000000000000000000000000000000033333333333333333333333333333000000000000000000000000000000000000000000000000000000000000000000000000000000000
00000000000000000000000000000000000000000000000000000000000000000000000000000002222200000000000000000000000000000000000000333333333333333333333333330000000000000000000000000000000000000000000000000000000000000000000000000000000000
00000000000000000000000000000000000000000000000000000000000000000000000000000000000000000000000000000000000000000000000000000333333333333333333333000000000000000000000000000000000000000000000000000000000000000000000000000000000000