00000000000000000000000000000000000000000000000000000000000000000000000000000000000000000000000000000000000000000000000000000000000000000000000000000000000000000000000000000000000000000000000000000000000000000000000000000000000000
00000000000000000000000000000000000000000000000000000000000000000000000000000000000000000000000000000000000000000000000000000000000000000000000000000000000000000000000000000000000000000000000000000000000000044444444444444444440000
00000000000000000000000000000000000000000000000000000000000000000000000000000000000000000000000000000000000000000000000000000000000000000000000000000000000000000000000000000000000000000000000000000000000044444444444444444444444000
00000000000000000000000000000000000000000000000000000000000000000000000000000000000000000000000000000000000000000000000000000000000000000000000000000000000000000000000000000000000000000000000000000000000444444444444444444444444400
00000000000000000000000000000000000000000000000000000000000000000000000000000000000000000000000000000000000000000000000000000000000000000000000000000000000000000000000000000000000000000000000000000000004444444444444444444444444400
00000000000000000000000000000000000000000000000000000000000000000000000000000000000000000000000000000000000000000000000000000000000000000000000000000000000000000000000000000000000000000000000000000000044444444444444444444444444400
00000000000000000000000000000000000000000000000000000000000000000000000000000000000000000000000000000000000000000000000000000000000000000000000000000000000000000000000000000000000000000000000000000000444444444444444444444444444444
00000000000000000000000000000000000000000000000000000000000000000000000000000000000000000000000000000000000000000000000000000000000000000000000000000000000000000000000000000000000000000000000000000004444444444444444444444444444444
00000000000000000000000000000000000000000000000000000000000000000000000000000000000000000000000000000000000000000000000000000000000000000000000000000000000000000000000000000000000000000000000000000044444444444444444444444440000000
00000000000000000000000000000000000000000000000000000000000000000000000000000000000000000000000000000000000000000000000000000000000000000000000000000000000000000000000000000000000000000000000000000444444444444444444444444400000000
00000000000000000000000000000000000000000000000000000000000000000000000000000000000000000000000000000000000000000000000000000000000000000000000000000000000000000000000000000000000000000000000000004444444444444444444444444000000000
00000000000000000000000000000000000000000000000000000000000000000000000000000000000000000000000000000000000000000000000000000000000000000000000000000000000000000000000000000000000000000000000000044444444444444444444444444000000000
00000000000000000000000000000000000000000000000000000000000000000000000000000000000000000000000000000000000000000000000000000000000000000000000000000000000000000000000000000000000000000000000000444444444444444444444444440000000000
00000000000000000000000000000000000000000000000000000000000000000000000000000000000000000000000000000000000000000000000000000000000000000000000000000000000000000000000000000000000000000000000004444444444444444444444444440000000000
00000000000000000000000000000000000000000000000000000000000000000000000000000000000000000000000000000000000000000000000000000000000000000000000000000000000000000000000000000000000000000000000044444444444444444444444444400000000000
00000000000000000000000000000000000000000000000000000000000000000000000000000000000000000000000000000000000000000000000000000000000000000000000000000000000000000000000000000000000000000000000444444444444444444444444444400000000000
00000000000000000000000000000000000000000000000000000000000000000000000000000000000000000000000000000000000000000000000000000000000000000000000000000000000000000000000000000000000000000000004444444444444444444444444444000000000000
00000000000000000000000000000000000000000000000000000000000000000000000000000000000000000000000000000000000000000000000000000000000000000000000000000000000000000000000000000000000000000000044444444444444444444444444444000000000000
00000000000000000000000000000000000000000000000000000000000000000000000000000000000000000000000000000000000000000000000000000000000000000000000000000000000000000000000000000000000000000000444444444444444444444444444440000000000000
00000000000000000000000000000000000000000000000000000000000000000000000000000000000000000000000000000000000000000000000000000000000000000000000000000000000000000000000000000000000000000004444444444444444444444444444440000000000000
00000000000000000000000000000000000000000000000000000000000000000000000000000000000000000000000000000000000000000000000000000000000000000000000000000000000000000000000000000000000000000044444444444444444444444444444400000000000000
00000000000000000000000000000000000000000000000000000000000000000000000000000000000000000000000000000000000000000000000000000000000000000000000000000000000000000000000000000000000000000444444444444444444444444444444400000000000000
00000000000000000000000000000000000000000000000000000000000000000000000000000000000000000000000000000000000000000000000000000000000000000000000000000000000000000000000000000000000000004444444444444444444444444444444000000000000000
00000000000000000000000000000000000000000000000000000000000000000000000000000000000000000000000000000000000000000000000000000000000000000000000000000000000000000000000000000000000000044444444444444444444444444444444000000000000000
00000000000000000000000000000000000000000000000000000000000000000000000000000000000000000000000000000000000000000000000000000000000000000000000000000000000000000000000000000000000000444444444444444444444444444444440000000000000000
00000000000000000000000000000000000000000000000000000000000000000000000000000000000000000000000000000000000000000000000000000000000000000000000000000000000000000000000000000000000004444444444444444444444444444444440000000000000000
00000000000000000000000000000000000000000000000000000000000000000000000000000000000000000000000000000000000000000000000000000000000000000000000000000000000000000000000000000000000044444444444444444444444444444444400000000000000000
00000000000000000000000000000000000000000000000000000000000000000000000000000000000000000000000000000000000000000000000000000000000000000000000000000000000000000000000000000000000444444444444444444444444444444444400000000000000000
00000000000000000000000000000000000000000000000000000000000000000000000000000000000000000000000000000000000000000000000000000000000000000000000000000000000000000000000000000000004444444444444444444444444444444444000000000000000000
00000000000000000000000000000000000000000000000000000000000000000000000000000000000000000000000000000000000000000000000000000000000000000000000000000000000000000000000000000000044444444444444444444444444444444444000000000000000000
00000000000000000000000000000000000000000000000000000000000000000000000000000000000000000000000000000000000000000000000000000000000000000000000000000000000000000000000000000000444444444444444444444444444444444440000000000000000000
00000000000000000000000000000000000000000000000000000000000000000000000000000000000000000000000000000000000000000000000000000000000000000000000000000000000000000000000000000004444444444444444444444444444444444440000000000000000000
00000000000000000000000000000000000000000000000000000000000000000000000000000000000000000000000000000000000000000000000000000000000000000000000000000000000000000000000000000044444444444444444444444444444444444400000000000000000000
00000000000000000000000000000000000000000000000000000000000000000000000000000000000000000000000000000000222222000000000000000000000000000000000000000000000000000000444444444444444444444444444444444444444444444400000000000000000000
00000000000000000000000000000000000000000000000000000000000000000000000000000000000000000000000000000002220000000000000000000000000000000000000000000000000044444444444444444444444444444444444444444444444444444000000000000000000000
00000000000000000000000000000000000000000000000000000000000000000000000000000000000000000000000000000002220000000000000000000000000000000003333333333333333333333444444444444444444444444444444444444444444444444000000000000000000000
00000000000000000000000000000000000000000000000000000000000000000000000000000000000000000000000000000022222000000000000000000000000000000233333333333333333333333333333344444444444444444444444444444444444444440000000000000000000000
00000000000000000000000000000000000000000000000000000222222222222222222222222222222222222222222222222222222222222222222222222222222222222233333333333333333333333333333333344444444444444444444444444444444444440000000000000000000000
00000000000000000000000000000000000000000000000002222222222222222222222222222222222222222222222222222222222222222222222222222222222222222233333333333333333333333333333333333444444444444444444444444444444444400000000000000000000000
00000000000000000000000000000000000000000000000222222222222222222222222222222222222222222222222222222222222222222222222222222222222222222233333333333333333333333333333333333322222222222222222222334444444444400000000000000000000000
00000000000000000000000000000000000000000000001111111111112222222111111111111111111111111111111111111111111111111111111111111111111222222233333333333333333333333333333333333332222222222222222333333333222222222200000000000000000000
00000000000000000000000000000000000000000000011111111111111222221111111111111111111111111111111111111111111111111111111111111111111122222233333333333333333333333333333333333332222222222222333333333222222222233330000000000000000000
00000000000000000000000000000000000000000000111111111111111222221111111111111111111111111111111111111111111111111111111111111111111122222233333333333333333333333333333333333332222222222333333333222222222233333330000000000000000000
00000000000000000000000000000000000000000001111111111111111222221111111111111111111111111111111111111111111111111111111111111111111122222233333333333333333333333333333333333332222222333333333222222222233333333300000000000000000000
00000000000000000000000000000000000000000011111111111111111222221111111111111111111111111111111111111111111111111111111111111111111122222233333333333333333333333333333333333332222333333333222222222233333444433000000000000000000000
00000000000000000000000000000000000000000111111111111111111222221111111111111111111111111111111111111111111111111111111111111111111122222233333333333333333333333333333333333332333333333222222222233334444444400000000000000000000000
00000000000000000000000000000000000000001111111111111111111222221111111111111111111111111111111111111111111111111111111111111111111122222233333333333333333333333333333333333333333333222222222233334444444444400000000000000000000000
00000000000000000000000000000000000000011111111111111111111222221111111111111111111111111111111111111111111111111111111111111111111122222233333333333333333333333333333333333333333222222222233334444444444444440000000000000000000000
00000000000000000000000000000000000002111111111111111111111222221111111111111111111111111111111111111111111111111111111111111111111122222233333333333333333333333333333333333333222222222233334444444444444444440000000000000000000000
00000000000000000000000000000000000222111111111111111111111222221111111111111111111111111111111111111111111111111111111111111111111122222233333344444444444333333333333333333332222233333334444444444444444444440000000000000000000000
00000000000000000000000000000000022222111111111111111111111222221111111111111111111111111111111111111111111111111111111111111111111122222233333344444444444333333333333333333322233333334444444444444444444444444000000000000000000000
00000000000000000000000000000022222222111111111111111111111222221111111111111111111111111111111111111111111111111111111111111111111122222233333444444444444333333333333333333233333334444444444444444444444444444000000000000000000000
00000000000000000000000000002222222222111111111111111111111222221111111111444441111111444441111111444441111111111111111111111111111122222233333444444444443333333333333333333333334444444444444444444444444444444000000000000000000000
00000000000000000000000002222222222222111111111111111111111222221111111114444444111114444444111114444444111111111111111111111111111122222233334444444444443333333333333333333334444444444444444444444444444440000000000000000000000000
00000000000000000000002222222222222222111111111111111111111222221111111114444444111114444444111114444444111111111111111111111111111122222223334444444444443333333222233333333333334444444444444444444444000000000000000000000000000000
00000000000000000002222222222222222222111111111111111111111222221111111114444444111114444444111114444444111111111111111111111111111122222222244444444444443322222233333333333333000000000000000000000000000000000000000000000000000000
00000000000000002222222222222222222222111111111111111111111222221111111114444444111114444444111114444444111111111111111111111111111122222222244444444444442222233333333333333000000000000000000000000000000000000000000000000000000000
00000000000002222222222222222222222222111111111111111111111222221111114444414444114444414444114444414444111111111111111111111111111122222222444444444444422233333333333333000000000000000000000000000000000000000000000000000000000000
00000000002222222222222222222222222222111111111111111111111222221111111114411111111114411111111114411111111111111111111111111111111122222233444444444444433333333333330000000000000000000000000000000000000000000000000000000000000000
00000002222222222222222222222222222222111111111111111111111222221111144444444444144444444444144444444444111111111111111111111111111122233334444444444444433333333330000000000000000000000000000000000000000000000000000000000000000000
00002222222222222222222222222222222222111111111111111111111222221111114444444441114444444441114444444441111111111111111111111111111133333344444444444444433333330000000000000000000000000000000000000000000000000000000000000000000000
00333333333333333333333333333333333333311111111111111111113333333111111111111111111111111111111111111111111111111111111111111111111333333344444444444444433330000000000000000000000000000000000000000000000000000000000000000000000000
03333333333333333333333333333333333333333333333333333333333333333333333333333333333333333333333333333333333333333333333333333333333333322444444444444444330000000000000000000000000000000000000000000000000000000000000000000000000000
33333333333333333333333333333333333333333333333333333333333333333333333333333333333333333333333333333333333333333333333333333333333222222444444444444444000000000000000000000000000000000000000000000000000000000000000000000000000000
22222222222222222222222222222222222222222222222222222222222222222222222222222222222222222222222222222222222222222222222222222222222222224444444444444444000000000000000000000000000000000000000000000000000000000000000000000000000000
22222222222222222222222222222222222222222222222222222222222222222222222222222222222222222222222222222222222222222222222222222222222223334444444444444444000000000000000000000000000000000000000000000000000000000000000000000000000000
22222222222222222222222222222222222222222222222222222222222222222222222222222222222222222222222222222222222222222222222222222222222222244444444444444444000000000000000000000000000000000000000000000000000000000000000000000000000000
03333333333333333333333333333333333333333333333333333333333333333333333333333333333333333333332222222222222222222222222222222222222222244444444444444444000000000000000000000000000000000000000000000000000000000000000000000000000000
00333333333333333333333333333333333333333333333333333333333333333333333333333333333333333333332222222222222222222222222222222222222222444444444444444440000000000000000000000000000000000000000000000000000000000000000000000000000000
00003333333333333333333333333333333333333333333333333333333333333333333333333333333333333333333222222222222222222222222222222222222224444444444444444440000000000000000000000000000000000000000000000000000000000000000000000000000000
00000003333333333333333333333333333333333333333333333333333333333333333333333333333333333333333332222222222222222222222222222222222224444444444444444440000000000000000000000000000000000000000000000000000000000000000000000000000000
00000000003333333333333333333333333333333333333333333333333333333333333333333333333333333333333333333333222222222222222222222222222244444444444444444440000000000000000000000000000000000000000000000000000000000000000000000000000000
00000000000000003333333333333333333333333333333333333333333333333333333333333333333333333333333333333333333322222222222222222222222244444444444444444440000000000000000000000000000000000000000000000000000000000000000000000000000000
00000000000000000000000000000000000000000000000000000000000000000000000000000333333333333333333333333333333333322222222222222222222444444444444444444400000000000000000000000000000000000000000000000000000000000000000000000000000000
00000000000000000000000000000000000000000000000000000000000000000000000000000333333300000000000000000000000000000000222222222222244444444444444444444400000000000000000000000000000000000000000000000000000000000000000000000000000000
00000000000000000000000000000000000000000000000000000000000000000000000000000033333300000000000000000000000000000000022222222224444444444444444444444400000000000000000000000000000000000000000000000000000000000000000000000000000000
00000000000000000000000000000000000000000000000000000000000000000000000000000033333300000000000000000000000000000000004444444444444444444444444444444400000000000000000000000000000000000000000000000000000000000000000000000000000000
00000000000000000000000000000000000000000000000000000000000000000000000000000003333300000000000000000000000000000000000044444444444444444444444444444000000000000000000000000000000000000000000000000000000000000000000000000000000000
00000000000000000000000000000000000000000000000000000000000000000000000000000003333300000000000000000000000000000000000000444444444444444444444444440000000000000000000000000000000000000000000000000000000000000000000000000000000000
00000000000000000000000000000000000000000000000000000000000000000000000000000000000000000000000000000000000000000000000000000444444444444444444444000000000000000000000000000000000000000000000000000000000000000000000000000000000000