00000000000000000000000000000000000000000000000000000000000000000000000000000000000000000000000000000000000000000000000000000000000000000000000000000000000000000000000000000000000000000000000000000000000000000000000000000000000000
00000000000000000000000000000000000000000000000000000000000000000000000000000000000000000000000000000000000000000000000000000000000000000000000000000000000000000000000000000000000000000000000000000000000000044444444444444444440000
00000000000000000000000000000000000000000000000000000000000000000000000000000000000000000000000000000000000000000000000000000000000000000000000000000000000000000000000000000000000000000000000000000000000044444444444444444444444000
00000000000000000000000000000000000000000000000000000000000000000000000000000000000000000000000000000000000000000000000000000000000000000000000000000000000000000000000000000000000000000000000000000000000444444444444444444444444400
00000000000000000000000000000000000000000000000000000000000000000000000000000000000000000000000000000000000000000000000000000000000000000000000000000000000000000000000000000000000000000000000000000000004444422222222222244444444400
00000000000000000000000000000000000000000000000000000000000000000000000000000000000000000000000000000000000000000000000000000000000000000000000000000000000000000000000000000000000000000000000000000000044442222222222222222222222200
00000000000000000000000000000000000000000000000000000000000000000000000000000000000000000000000000000000000000000000000000000000000000000000000000000000000000000000000000000000000000000000000000000000444422222222222222222222222222
00000000000000000000000000000000000000000000000000000000000000000000000000000000000000000000000000000000000000000000000000000000000000000000000000000000000000000000000000000000000000000000000000000004444442222222222222222222222222
00000000000000000000000000000000000000000000000000000000000000000000000000000000000000000000000000000000000000000000000000000000000000000000000000000000000000000000000000000000000000000000000000000044444444444444444444444440000000
00000000000000000000000000000000000000000000000000000000000000000000000000000000000000000000000000000000000000000000000000000000000000000000000000000000000000000000000000000000000000000000000000000444444444444444444444444400000000
00000000000000000000000000000000000000000000000000000000000000000000000000000000000000000000000000000000000000000000000000000000000000000000000000000000000000000000000000000000000000000000000000004444444444444444444444444000000000
00000000000000000000000000000000000000000000000000000000000000000000000000000000000000000000000000000000000000000000000000000000000000000000000000000000000000000000000000000000000000000000000000044444444444444444444444444000000000
00000000000000000000000000000000000000000000000000000000000000000000000000000000000000000000000000000000000000000000000000000000000000000000000000000000000000000000000000000000000000000000000000444444444444444444444444440000000000
00000000000000000000000000000000000000000000000000000000000000000000000000000000000000000000000000000000000000000000000000000000000000000000000000000000000000000000000000000000000000000000000004444444444444444444444444440000000000
00000000000000000000000000000000000000000000000000000000000000000000000000000000000000000000000000000000000000000000000000000000000000000000000000000000000000000000000000000000000000000000000044444444444444444444444444400000000000
00000000000000000000000000000000000000000000000000000000000000000000000000000000000000000000000000000000000000000000000000000000000000000000000000000000000000000000000000000000000000000000000444444444444444444444444444400000000000
00000000000000000000000000000000000000000000000000000000000000000000000000000000000000000000000000000000000000000000000000000000000000000000000000000000000000000000000000000000000000000000004444444444444444444444444444000000000000
00000000000000000000000000000000000000000000000000000000000000000000000000000000000000000000000000000000000000000000000000000000000000000000000000000000000000000000000000000000000000000000044444444444444444444444444444000000000000
00000000000000000000000000000000000000000000000000000000000000000000000000000000000000000000000000000000000000000000000000000000000000000000000000000000000000000000000000000000000000000000444444444444444444444444444440000000000000
00000000000000000000000000000000000000000000000000000000000000000000000000000000000000000000000000000000000000000000000000000000000000000000000000000000000000000000000000000000000000000004444444444444444444444444444440000000000000
00000000000000000000000000000000000000000000000000000000000000000000000000000000000000000000000000000000000000000000000000000000000000000000000000000000000000000000000000000000000000000044444444444444444444444444444400000000000000
00000000000000000000000000000000000000000000000000000000000000000000000000000000000000000000000000000000000000000000000000000000000000000000000000000000000000000000000000000000000000000444444444444444444444444444444400000000000000
00000000000000000000000000000000000000000000000000000000000000000000000000000000000000000000000000000000000000000000000000000000000000000000000000000000000000000000000000000000000000004444444444444444444444444444444000000000000000
00000000000000000000000000000000000000000000000000000000000000000000000000000000000000000000000000000000000000000000000000000000000000000000000000000000000000000000000000000000000000044444444444444444444444444444444000000000000000
00000000000000000000000000000000000000000000000000000000000000000000000000000000000000000000000000000000000000000000000000000000000000000000000000000000000000000000000000000000000000444444444444444444444444444444440000000000000000
00000000000000000000000000000000000000000000000000000000000000000000000000000000000000000000000000000000000000000000000000000000000000000000000000000000000000000000000000000000000004444444444444444444444444444444440000000000000000
00000000000000000000000000000000000000000000000000000000000000000000000000000000000000000000000000000000000000000000000000000000000000000000000000000000000000000000000000000000000044444444444444444444444444444444400000000000000000
00000000000000000000000000000000000000000000000000000000000000000000000000000000000000000000000000000000000000000000000000000000000000000000000000000000000000000000000000000000000444444444444444444444444444444444400000000000000000
00000000000000000000000000000000000000000000000000000000000000000000000000000000000000000000000000000000000000000000000000000000000000000000000000000000000000000000000000000000004444444444444444444444444444444444000000000000000000
00000000000000000000000000000000000000000000000000000000000000000000000000000000000000000000000000000000000000000000000000000000000000000000000000000000000000000000000000000000044444444444444444444444444444444444000000000000000000
00000000000000000000000000000000000000000000000000000000000000000000000000000000000000000000000000000000000000000000000000000000000000000000000000000000000000000000000000000000444444444444444444444444444444444440000000000000000000
00000000000000000000000000000000000000000000000000000000000000000000000000000000000000000000000000000000000000000000000000000000000000000000000000000000000000000000000000000004444444444444444444444444444444444440000000000000000000
00000000000000000000000000000000000000000000000000000000000000000000000000000000000000000000000000000000000000000000000000000000000000000000000000000000000000000000000000000044444444444444444444444444444444444400000000000000000000
00000000000000000000000000000000000000000000000000000000000000000000000000000000000000000000000000000000222222000000000000000000000000000000000000000000000000000000444444444444444444444444444444444444444444444400000000000000000000
00000000000000000000000000000000000000000000000000000000000000000000000000000000000000000000000000000002220000000000000000000000000000000000000000000000000044444444444444444444444444444444444444444444444444444000000000000000000000
00000000000000000000000000000000000000000000000000000000000000000000000000000000000000000000000000000002220000000000000000000000000000000002222222222222222222222444444444444444444444444444444444444444444444444000000000000000000000
00000000000000000000000000000000000000000000000000000000000000000000000000000000000000000000000000000022222000000000000000000000000000000222222222222222222222222222222244444444444444444444444444444444444444440000000000000000000000
00000000000000000000000000000000000000000000000000000222222222222222222222222222222222222222222222222222222222223333333333333333333333332222222222222222222222222222222222244444444444444444444444444444444444440000000000000000000000
00000000000000000000000000000000000000000000000002222222222222222222222222222222222222222222222222222222222222233333333333333333333333332222222222222222222222222222222222222444444444444444444444444444444444400000000000000000000000
00000000000000000000000000000000000000000000000222222222222222222222222222222222222222222222222222222222222222333333333333333333333333332222222222222222222222222222222222222233333333333333333333334444444444400000000000000000000000
00000000000000000000000000000000000000000000001111111111112222222111111111111111111111111111111111111111111111111111111111111111111333332222222222222222222222222222222222222223333333333333333333333333333333333300000000000000000000
00000000000000000000000000000000000000000000011111111111111222221111111111111111111111111111111111111111111111111111111111111111111133332222222222222222222222222222222222222223333333333333333333333333333333333330000000000000000000
00000000000000000000000000000000000000000000111111111111111222221111111111111111111111111111111111111111111111111111111111111111111133332222222222222222222222222222222222222223333333333333333333333333333333333330000000000000000000
00000000000000000000000000000000000000000001111111111111111222221111111111111111111111111111111111111111111111111111111111111111111133332222222222222222222222222222222222222223333333333333333333333333333333333300000000000000000000
00000000000000000000000000000000000000000011111111111111111222221111111111111111111111111111111111111111111111111111111111111111111133332222222222222222222222222222222222222223333333333333333333333333333222233000000000000000000000
00000000000000000000000000000000000000000111111111111111111222221111111111111111111111111111111111111111111111111111111111111111111133332222222222222222222222222222222222222223333333333333333333333332222222200000000000000000000000
00000000000000000000000000000000000000001111111111111111111222221111111111111111111111111111111111111111111111111111111111111111111133332222222222222222222222222222222222222223333333333333333333332222222222200000000000000000000000
00000000000000000000000000000000000000011111111111111111111222221111111111111111111111111111111111111111111111111111111111111111111133332222222222222222222222222222222222222223333333333333333332222222222222220000000000000000000000
00000000000000000000000000000000000002111111111111111111111222221111111111111111111111111111111111111111111111111111111111111111111133332222222222222222222222222222222222222223333333333333332222222222222222220000000000000000000000
00000000000000000000000000000000000222111111111111111111111222221111111111111111111111111111111111111111111111111111111111111111111133332222222222222222222222222222222222222223333333333332222222222222222222220000000000000000000000
00000000000000000000000000000000022222111111111111111111111222221111111111111111111111111111111111111111111111111111111111111111111133332222222222222222222222222222222222222233333333332222222222222222222222222000000000000000000000
00000000000000000000000000000022222222111111111111111111111222221111111111111111111111111111111111111111111111111111111111111111111133332222222222222222222222222222222222222333333332222222222222222222222222222000000000000000000000
00000000000000000000000000002222222222111111111111111111111222221111111111111111111111111111111111111111111111111111111111111111111133332222222222222222222222222222222222233333332222222222222222222222222222222000000000000000000000
00000000000000000000000002222222222222111111111111111111111222221111111111111111111111111111111111111111111111111111111111111111111133333222222222222222222222222222222233333332222222222222222222222222222220000000000000000000000000
00000000000000000000002222222222222222111111111111111111111222221111111111111111111111111111111111111111111111111111111111111111111133333332222222222222222222222333333333333333332222222222222222222222000000000000000000000000000000
00000000000000000002222222222222222222111111111111111111111222221111111111111111111111111111111111111111111111111111111111111111111133333333322222222222223333333333333333333333000000000000000000000000000000000000000000000000000000
00000000000000002222222222222222222222111111111111111111111222221111111111111111111111111111111111111111111111111111111111111111111133333333322222222222223333333333333333333000000000000000000000000000000000000000000000000000000000
00000000000002222222222222222222222222111111111111111111111222221111111111111111111111111111111111111111111111111111111111111111111133333333222222222222233333333333333333000000000000000000000000000000000000000000000000000000000000
00000000002222222222222222222222222222111111111111111111111222221111111111111111111111111111111111111111111111111111111111111111111133333333222222222222233333333333330000000000000000000000000000000000000000000000000000000000000000
00000002222222222222222222222222222222111111111111111111111222221111111111111111111111111111111111111111111111111111111111111111111133333332222222222222233333333330000000000000000000000000000000000000000000000000000000000000000000
00002222222222222222222222222222222222111111111111111111111222221111111111111111111111111111111111111111111111111111111111111111111133333322222222222222233333330000000000000000000000000000000000000000000000000000000000000000000000
00222222222222222222222222222222222222211111111111111111112222222111111111111111111111111111111111111111111111111111111111111111111333333322222222222222233330000000000000000000000000000000000000000000000000000000000000000000000000
02222222222222222222222222222222222222222222222222222222222222222222222222222222222222233333333333333333333333333333333333333333333333333222222222222222330000000000000000000000000000000000000000000000000000000000000000000000000000
22222222222222222222222222222222222222222222222222222222222222222222222222222222222222333333333333333333333333333333333333333333333333333222222222222222000000000000000000000000000000000000000000000000000000000000000000000000000000
22222222222222222222222222222222222222222222222222222222222222222222222222222222222223333333333333333333333333333333333333333333333333332222222222222222000000000000000000000000000000000000000000000000000000000000000000000000000000
22222222222222222222222222222222222222222222222222222222222222222222222222222222222233333333333332222222222222222222222222222222222223332222222222222222000000000000000000000000000000000000000000000000000000000000000000000000000000
22222222222222222222222222222222222222222222222222222222222222222222222222222222222333333333333222222222222222222222222222222222222222222222222222222222000000000000000000000000000000000000000000000000000000000000000000000000000000
02222222222222222222222222222222222222222222222222222222222222222222222222222222223333333333332222222222222222222222222222222222222222222222222222222222000000000000000000000000000000000000000000000000000000000000000000000000000000
00222222222222222222222222222222222222222222222222222222222222222222222222222222233333333333332222222222222222222222222222222222222222222222222222222220000000000000000000000000000000000000000000000000000000000000000000000000000000
00002222222222222222222222222222222222222222222222222222222222222222222222222222333333333333333222222222222222222222222222222222222222222222222222222220000000000000000000000000000000000000000000000000000000000000000000000000000000
00000002222222222222222222222222222222222222222222222222222222222222222222222223333333333333333332222222222222222222222222222222222222222222222222222220000000000000000000000000000000000000000000000000000000000000000000000000000000
00000000002222222222222222222222222222222222222222222222222222222222222222222233333333333333333333333333222222222222222222222222222222222222222222222220000000000000000000000000000000000000000000000000000000000000000000000000000000
00000000000000002222222222222222222222222222222222222222222222222222222222222333333333333333333333333333333322222222222222222222222222222222222222222220000000000000000000000000000000000000000000000000000000000000000000000000000000
00000000000000000000000000000000000000000000000000000000000000000000000000000333333333333333333333333333333333322222222222222222222222222222222222222200000000000000000000000000000000000000000000000000000000000000000000000000000000
00000000000000000000000000000000000000000000000000000000000000000000000000000333333300000000000000000000000000000000222222222222222222222222222222222200000000000000000000000000000000000000000000000000000000000000000000000000000000
00000000000000000000000000000000000000000000000000000000000000000000000000000033333300000000000000000000000000000000022222222222222222222222222222222200000000000000000000000000000000000000000000000000000000000000000000000000000000
00000000000000000000000000000000000000000000000000000000000000000000000000000033333300000000000000000000000000000000002222222222222222222222222222222200000000000000000000000000000000000000000000000000000000000000000000000000000000
00000000000000000000000000000000000000000000000000000000000000000000000000000003333300000000000000000000000000000000000022222222222222222222222222222000000000000000000000000000000000000000000000000000000000000000000000000000000000
00000000000000000000000000000000000000000000000000000000000000000000000000000003333300000000000000000000000000000000000000222222222222222222222222220000000000000000000000000000000000000000000000000000000000000000000000000000000000
00000000000000000000000000000000000000000000000000000000000000000000000000000000000000000000000000000000000000000000000000000222222222222222222222000000000000000000000000000000000000000000000000000000000000000000000000000000000000