00000000000000000000000000000000000000000000000000000000000000000000000000000000000000000000000000000000000000000000000000000
00000000000000000000000000000000000000000000000000000000000000000000000000000000000000000000000000000000111000000000000000000
00000000000000000000000000000000000000000000000000000000000000000000000000000000000000000000000000000000010000000000000000000
00000000000000000000000000000000000000000000000000000000000000000000000000000000000000000000000000000000111000000000000000000
00000000000000000000000000000000000000000000000000000000000000000000000000000000000000000000000000022222222222222222000000000
00000000000000000000000000000000000000000000000000000000000000000000000000000000000000000000000322222222222222222222200000000
00000000000000000000000000000000000000000000000000000000000000000000000000000000000000000003333222222244444222222222200000000
00000000000000000000000000000000000000000000000000000000000000000000000000000000000000033333322222222444444422222222220000000
00000000000000000000000000000000000000000000000000000000000000000000000000000000000033333333444422444444144144221222220000000
00000000000000000000000000000000000000000000000000000000000000000000000000000000000333333334444444444444144144412122222000000
00000000000000000000000000000000000000000000000000000000000000000000000000000000003333333334444444444444111144142212222000000
00000000000000000000000000000000000000000000000000000000000000000000000000000000033333333334444444444444144144412122222000000
00000000000000000000001110000000000000000000000000000000000000000000000000000000033333333333444444444444144144441222222200000
00000000000000000000000100000000000000000000000000000000000000000000000000000000033333333333444444444444444444442222222200000
00000000000000000000001110000000000000000000000000000000000000000000000000000000333333333333444444444444444444442222222200000
00000000000000000000222222222400000000000000000000000000000000000000000000000000222233333333444444444444444444422222222220000
00000000000000000002222222222444440000000000000000000000000000000000000000000002222233333333444444444444444444222222222220000
00000000000000000002222333222444444440000000000000000000000000000000000000000002222223333332444444444444444444222222222220000
00000000000000000022223333322244444444440000000000000000000000000000000000000002222222333322222244444444444442222222222222000
00000000000000000021233333322224444444444000000000000000000000000000000000000022222222222222222244444444444422222222333333000
00000000000000000031333333322222444444440000000000000000000000000000000000000022222222222222222244444444444442222223333333300
00000000000000000031333333322222224444440000000000000000000000000000000000014444422222211112222244444444444442222333333333300
00000000000000000033333333322222221144440000000000000000000000000000000001114444444444111111222224444444444444333333333333330
00000000000000000031333333322222221144444400000000000000000000000000000011114444444444111111222224444444444443333333333333330
00000000000000000031333333322222222224444444000000000000000000000000000011114444444444111111222222444444444443333333333333330
00000000000000000031333333222222224444444444440000000000000000000000000011114444444444111111222222244444444443333333333333330
00000000000000000033333332222222244444444444442222222244444444444442222211114441144444111111222444444444444443333333333333330
00000000000000000033333322222222444444444444442222222233344444444442222211114441144444111111444444444444444443333333333333333
00000000000000000033333322222444444444444444442222222333334444444442222221114444444444411114444444444444444443333333333333333
00000000000000000033333222224444444444444444422222233333333334444442222222214444444444444444444444444444444443333333333333333
00000000000000000003332222244444444444444444422222333333333333444422222222222244444444444444444444444444444443333333333333330
00000000000000000031111111111111111111111111111111111111111111111111111111111111111111111111111111111111111111111111111133300
00000000000000000311111111111111111111111111111111111111111111111111111111111111111111111111111111111111111111111111111113300
00000000000000003111111111111111111111111111111111111111111111111111111111111111111111111111111111111111111111111111111133300
00000000000000021111111111111111111111111111111111111111111111111111111111111111111111111111111111111111111111111111111333000
00000000000000211111111111111111111111111111111111111111111111111111111111111111111111111111111111111111111111111111113330000
00000000000002111111111111111111111111111111111111111111111111111111111111111111111111111111111111111111111111111111133300000
00000000000021111111111111111111111111111111111111111111111111111111111111111111111111111111111111111111111111111111333000000
00000000000211111111111111111111111111111111111111111111111111111111111111111111111111111111111111111111111111111113330000000
00000000002111111111111111111111111111111111111111111111111111111111111111111111111111111111111111111111111111111133300000000
00000000022111111111111111111111111111111111111111111111111111111111111111111111111111111111111111111111111111111333000000000
00000002222111111111111111111111111111111111111111111111111111111111111111111111111111111111111111111111111111114430000000000
00000444222111111111111111111111111111111111111111111111111111111111111111111111111111111111111111111111111111144400000000000
00044444422111111111111111111111111111111144444111111144444111111111111111111111111111111111111111111111111111444000000000000
00444444422111111111111111111111111111111444444411111444444411111111111111111111111111111111111111111111111114440000000000000
04444444422111111111111111111111111111111444444411111444444411111111111111111111111111111111111111111111111144400000000000000
04444444422111111111111111111111111111111444444411111444444411111111111111111111111111111111111111111111111224000000000000000
44444444422111111111111111111111111111111444444411111444444411111111111111111111111111111111111111111111112220000000000000000
44444444422111111111111111111111111111444441444411444441444411111111111111111111111111111111111111111111122200000000000000000
43333344422111111111111111111111111111111441111111111441111111111111111111111111111111111111111111111111222000000000000000000
33333334222111111111111111111111111114444444444414444444444411111111111111111111111111111111111111111112220000000000000000000
33333333222111111111111111111111111111444444444111444444444111111111111111111111111111111111111111111122200000000000000000000
33333333322211111111111111111111111111111111111111111111111111111111111111111111111111111111111111111222000000000000000000000
33333333332222222222222222222244333333333333333333444444444444444222222222244444433333333334444444444220000000000000000000000
03333333332222222222222222222444433333333333333333444444444444444222222222244444433333433344444444444200000000000000000000000
03333333332222222222244444224444444333333333333334444444444444444222222222244444443334444444444444444000000000000000000000000
00333333332222224444444444444444444333333333333344444444444444444222222222224444444444444444444444000000000000000000000000000
00033333322222244444444444444444444433333333333444444444444444442222222222222444444444444444440000000000000000000000000000000
00003333222222444444444444444444444433333333334444444444444444442222222222222244444444444400000000000000000000000000000000000
00000222222224444444444444444444444443333333444444444444444444442222222222222244444444444440000000000000000000000000000000000
00000002222244444444444444444444444444433344444444444444444444422222222222222244444444444444000000000000000000000000000000000
00000000000000000000000011110000000000000000000000000000000000000022222222222244444444444440000000000000000000000000000000000
00000000000000000000000001100000000000000000000000000000000000000000000000011111111000000000000000000000000000000000000000000
00000000000000000000000011100000000000000000000000000000000000000000000000001100110000000000000000000000000000000000000000000
00000000000000000000000011110000000000000000000000000000000000000000000000011101110000000000000000000000000000000000000000000
00000000000000000000000001100000000000000000000000000000000000000000000000011111111000000000000000000000000000000000000000000
00000000000000000000000001110000000000000000000000000000000000000000000000001100110000000000000000000000000000000000000000000
00000000000000000000000011111000000000000000000000000000000000000000000000001110111000000000000000000000000000000000000000000
00000000000000000000000111111100000000000000000000000000000000000000000000011111111100000000000000000000000000000000000000000
00000000000000000000000111111100000000000000000000000000000000000000000000111111111110000000000000000000000000000000000000000
00000000000000000000000111111100000000000000000000000000000000000000000000111111111110000000000000000000000000000000000000000
00000000000000000000000011111000000000000000000000000000000000000000000000111111111110000000000000000000000000000000000000000
00000000000000000000000001110000000000000000000000000000000000000000000000011111111100000000000000000000000000000000000000000
00000000000000000000000000000000000000000000000000000000000000000000000000001110111000000000000000000000000000000000000000000