00000000000000000000000000000000000000000000000000000000000000000000000000000000000000000000000000000000000000000000000000000000000000000000000000000000000000000000000000000000000000000000000000000000000000000000000000
00000000000000000000000000000000000000000000000000000000000000000000000000000000000000000000000000000000000000000000000000000000000000000000000000000000000000000000000000000000000000000000002222222244444444000000000000
00000000000000000000000000000000000000000000000000000000000000000000000000000000000000000000000000000000000000000000000000000000000000000000000000000000000000000000000000000000000000000000022222222244444444400000000000
00000000000000000000000000000000000000000000000000000000000000000000000000000000000000000000000000000000000000000000000000000000000000000000000000000000000000000000000000000000000000000000222222222244444444440000000000
00000000000000000000000000000000000000000000000000000000000000000000000000000000000000000000000000000000000000000000000000000000000000000000000000000000000000000000000000000000000000000000222222222244444444440000000000
00000000000000000000000000000000000000000000000000000000000000000000000000000000000000000000000000000000000000000000000000000000000000000000000000000000000000000000000000000000000000000002222222222244444444440000000000
00000000000000000000000000000000000000000000000000000000000000000000000000000000000000000000000000000000000000000000000000000000000000000000000000000000000000000000000000000000000000000002222222222244444444440000000000
00000000000000000000000000000000000000000000000000000000000000000000000000000000000000000000000000000000000000000000000000000000000000000000000000000000000000000000000000000000000000000022222222222244444444440000000000
00000000000000000000000000000000000000000000000000000000000000000000000000000000000000000000000000000000000000000000000000000000000000000000000000000000000000000000000000000000000000000022222222222244444444440000000000
00000000000000000000000000000000000000000000000000000000000000000000000000000000000000000000000000000000000000000000000000000000000000000000000000000000000000000000000000000000000000000222222222222244444444440000000000
00000000000000000000000000000000000000000000000000000000000000000000000000000000000000000000000000000000000000000000000000000000000000000000000000000000000000000000000000000000000000000222222222222244444444440000000000
00000000000000000000000000000000000000000000000000000000000000000000000000000000000000000000000000000000000000000000000000000000000000000000000000000000000000000000000000000000000000002222222222222244444444444000000000
00000000000000000000000000000000000000000000000000000000000000000000000000000000000000000000000000000000000000000000000000000000000000000000000000000000000000000000000000000000000000002222222222222244444444444000000000
00000000000000000000000000000000000000000000000000000000000000000000000000000000000000000000000000000000000000000000000000000000000000000000000000000000000000000000000000000000000000022222222222222244444444444000000000
00000000000000000000000000000000000000000000000000000000000000000000000000000000000000000000000000000000000000000000000000000000000000000000000000000000000000000000000000000000000000022222222222222244444444444000000000
00000000000000000000000000000000000000000000000000000000000000000000000000000000000000000000000000000000000000000000000000000000000000000000000000000000000000000000000000000000000000222222222222222244444444444000000000
00000000000000000000000000000000000000000000000000000000000000000000000000000000000000000000000000000000000000000000000000000000000000000000000000000000000000000000000000000000000000222222222222222244444444444000000000
00000000000000000000000000000000000000000000000000000000000000000000000000000000000000000000000000000000000000000000000000000000000000000000000000000000000000000000000000000000000002222222222222222244444444444000000000
00000000000000000000000000000000000000000000000000000000000000000000000000000000000000000000000000000000000000000000000000000000000000000000000000000000000000000000000000000000000002222222222222222244444444444000000000
00000000000000000000000000000000000000000000000000000000000000000000000000000000000000000000000000000000000000000000000000000000000000000000000000000000000000000000000000000000000022222222222222222244444444444400000000
00000000000000000000000000000000000000000000000000000000000000000000000000000000000000000000000000000000000000000000000000000000000000000000000000000000000000000000000000000000000022222222222222222244444444444400000000
00000000000000000000000000000000000000000000000000000000000000000000000000000000000000000000000000000000000000000000000000000000000000000000000000000000000000000000000000000000000222222222222222222244444444444400000000
00000000000000000000000000000000000000000000000000000000000000000000000000000000000000000000000000000000000000000000000000000000000000000000000000000000000000000000000000000000000222222222222222222244444444444400000000
00000000000000000000000000000000000000000000000000000000000000000000000000000000000000000000000000000000000000000000000000000000000000000000000000000000000000000000000000000000002222222222222222222244444444444400000000
00000000000000000000000000000000000000000000000000000002222220000000000000000000000000000000000000000000000000000000000000000000000000000000000000000000000000000000000000000000002222222222222222222244444444444400000000
00000000000000000000000000000000000000000000000000000022200000000000000000000000000000000000000000000000000000000000000000000000000000000000000000000000000000000000000000000000022222222222222222222244444444444400000000
00000000000000000000000000000000000000000000000000000022200000000000000000000000000000000000000000000000000000000000000000000000000000000000000000000000000000000000000000000000222222222222222222222244444444444400000000
00000000000000000000000000000000000000000000000000000222220000000000000000000000000000000000000000000000000000000000000000000000000000000000000000000000000000000000000000000022222222222222222222222244444444444440000000
00000000000000000000000000000000000002222222222222222222222222222222222222222222222222222222222222222222222222222222222222222222222222222222222222222222222222222222222222222222222222222222222222222244444444444440000000
00000000000000000000000000000002222222222222222222222222222222222222222222222222222222222222222222222222222222222222222222222222222222222222222222222222222222222222222222222222222222222222222222222244444444444440000000
00000000000000000000000000022222222222222222222222222222222222222222222222222222222222222222222222222222222222222222222222222222222222222222222222222222222222222222222222222222222222222222222222222244444444444440000000
00000000000000000000000000211111111111122222222222222222222222222222222222222222222222222222222222222222222222222222222222222222222222222222222222222222222222222222222222222222222222222222222222222244444444444440000000
00000000000000000000000002111111111111112222222222222222222222222222222222222222222222222222222222222222222222222222222222222222222222222222222222222222222222222222222222222222222222222222222222222244444444444440000000
00000000000000000000000021111111111111112222221111111111111111111111111111111111111111111111111111111111111111111111111111111111111111111111111111111111111111111111111111112222222222222222222222222244444444444440000000
00000000000000000000000211111111111111112222211111111111111111111111111111111111111111111111111111111111111111111111111111111111111111111111111111111111111111111111111111111222222222222222222222222222222222222220000000
00000000000000000000002111111111111111112222211111111111111111111111111111111111111111111111111111111111111111111111111111111111111111111111111111111111111111111111111111111222222222222222222222222222222222222222000000
00000000000000000000021111111111111111112222211111111111111111111111111111111111111111111111111111111111111111111111111111111111111111111111111111111111111111111111111111111222222222222222222222222222222222222222000000
00000000000000000000211111111111111111112222211111111111111111111111111111111111111111111111111111111111111111111111111111111111111111111111111111111111111111111111111111111222222222222222222222222222222222222222000000
00000000000000000002111111111111111111112222211111111111111111111111111111111111111111111111111111111111111111111111111111111111111111111111111111111111111111111111111111111222222222222222222222222222222222222222000000
00000000000000002221111111111111111111112222211111111111111111111111111111111111111111111111111111111111111111111111111111111111111111111111111111111111111111111111111111111222222222222222222222222222222222222222200000
00000000000002222221111111111111111111112222211111111111111111111111111111111111111111111111111111111111111111111111111111111111111111111111111111111111111111111111111111111222222222222222222222222222222222222222200000
00000000002222222221111111111111111111112222211111111111111111111111111111111111111111111111111111111111111111111111111111111111111111111111111111111111111111111111111111111222222222222222222222222222222222222222220000
00000000222222222221111111111111111111112222211111111111111111111111111111111111111111111111111111111111111111111111111111111111111111111111111111111111111111111111111111111222222222222222222222222222222222222222222000
00000033222222222221111111111111111111112222211111111111111111111111111111111111111111111111111111111111111111111111111111111111111111111111111111111111111111111111111111111222222222222333333333333222222222222222222200
00003333222222222221111111111111111111112222211111111111111111111111111111111111111111111111111111111111111111111111111111111111111111111111111111111111111111111111111111111222222222233333333333333333333333222222222220
00033333222222222221111111111111111111112222211111111114111111111114111111111114111111111114111111111114111111111111111111111111111111111111111111111111111111111111111111111222222222333333333333333333333333332222222222
00333333222222222221111111111111111111112222211111111141111441111141111441111141111441111141111441111141111441111111111111111111111111111111111111111111111111111111111111111222222222233333333333333333333333332222222222
03333333222222222221111111111111111111112222211111111141111441111141111441111141111441111141111441111141111441111111111111111111111111111111111111111111111111111111111111111222222222222222222222222222222222222222222220
03333333222222222221111111111111111111112222211111111144444441111144444441111144444441111144444441111144444441111111111111111111111111111111111111111111111111111111111111111222222222222222222222222222222222222222220000
33333333222222222221111111111111111111112222211111111144444441111144444441111144444441111144444441111144444441111111111111111111111111111111111111111111111111111111111111111222222222222222222222222222222222222220000000
33333333222222222221111111111111111111112222211111144444144441144444144441144444144441144444144441144444144441111111111111111111111111111111111111111111111111111111111111111222222222222222222222222222222222220000000000
33333333222222222221111111111111111111112222211111111144111111111144111111111144111111111144111111111144111111111111111111111111111111111111111111111111111111111111111111111222222222222222222222222222222220000000000000
33333333222222222222111111111111111111122222211111444444444441444444444441444444444441444444444441444444444441111111111111111111111111111111111111111111111111111111111111111222222222222222222222222222220000000000000000
33333333222222222222222222222222222222222222211111144444444411144444444411144444444411144444444411144444444411111111111111111111111111111111111111111111111111111111111111111222222222222222222222222220000000000000000000
03333333222222222222222222222222222222222222221111111111111111111111111111111111111111111111111111111111111111111111111111111111111111111111111111111111111111111111111111112222222222222222222222220000000000000000000000
03333333222222222222222222222222222222222222222222222222222222222222222222222222222222222222222222222222222222222222222222222222222222222222222222222222222222222222222222222222222222222222222220000000000000000000000000
00333333332222222222222222222222222222222222222222222222222222222222222222222222222222222222222222222222222222222222222222222222222222222222222222222222222222222222222222222222222222222222220000000000000000000000000000
00033333333332222222222222222222222222222222222222222222222222222222222222222222222222222222222222222222222222222222222222222222222222222222222222222222222222222222222222222222222222222220000000000000000000000000000000
00003333333333332222222222222222222222222222222222222222222222222222222222222222222222222222222222222222222222222222222222222222222222222222222222222222222222222222222222222222222222220000000000000000000000000000000000
00000033333333333333322222222222222222222222222222222222222222222222222222222222222222222222222222222222222222222222222222222222222222222222222222222222222222222222222222222222222200000000000000000000000000000000000000
00000000333333333333332222222222222222222222222222222222222222222222222222222222222222222222222222222222222222222222222222222222222222222222222222222222222222222222222222222222000000000000000000000000000000000000000000
00000000003333333333332222222222222222222222222222222222222222444444433333333333322222222222222222222222222222222222222222222222222222222222222222222222222222222222222222220000000000000000000000000000000000000000000000
00000000000003333333332222222222222222222222222222222222222244444444443333333333222222222222222222222222222222222222222222222222222222222222222222222222222222222222220000000000000000000000000000000000000000000000000000
00000000000000003333332222222222222222222222222222222222224444444444444333333332222222222222222222222222222222222222222222222222222222222222222222222222222222000000000000000000000000000000000000000000000000000000000000
00000000000000000000002222222222222222222222222222222222444444444444444333333222222222222222222222222222222222222222222222222222222222222222222222200000000000000000000000000000000000000000000000000000000000000000000000
00000000000000000000000000000000000000022222200000000004444444444444444333334444444433333333333322222222222222222222222222222222222222222220000000000000000000000000000000000000000000000000000000000000000000000000000000
00000000000000000000000000000000000000022222200000003334444444444444444333344444444443333333333222222222222222222222222222222222222222222222000000000000000000000000000000000000000000000000000000000000000000000000000000
00000000000000000000000000000000000000002222200000033334444444444444444334444444444444333333332222222222222222222222222222222222222222222222200000000000000000000000000000000000000000000000000000000000000000000000000000
00000000000000000000000000000000000000002222200000333334444444444444444444444444444444333333222222222222222222222222222222222222222222222222200000000000000000000000000000000000000000000000000000000000000000000000000000
00000000000000000000000000000000000000000000000000033334444444444444444444444444444444333332222222222222222222222222222222222222222222222222220000000000000000000000000000000000000000000000000000000000000000000000000000
00000000000000000000000000000000000000000000000000003334444444444443334444444444444444333322222222222222222222222222222222222222222222222222222000000000000000000000000000000000000000000000000000000000000000000000000000
00000000000000000000000000000000000000000000000000000004444444444433334444444444444444333333322222222222222222222222222222222222222222222222222200000000000000000000000000000000000000000000000000000000000000000000000000
00000000000000000000000000000000000000000000000000000000044444444333334444444444444444333333333332222222222222222222222222222222222222222222222220000000000000000000000000000000000000000000000000000000000000000000000000
00000000000000000000000000000000000000000000000000000000000444444433334444444444444444333333333333333322222222222222222222222222222222222222222220000000000000000000000000000000000000000000000000000000000000000000000000
00000000000000000000000000000000000000000000000000000000000004444443334444444444444444333333333333333333332222222222222222222222222222222222222220000000000000000000000000000000000000000000000000000000000000000000000000
00000000000000000000000000000000000000000000000000000000000004444444444444444444444444333333333333333333333333322222222222222222222222222222222000000000000000000000000000000000000000000000000000000000000000000000000000
00000000000000000000000000000000000000000000000000000000000004444444444344444444444444333333333333333333333333333333222222222222222222222200000000000000000000000000000000000000000000000000000000000000000000000000000000
00000000000000000000000000000000000000000000000000000000000004444444444333444444444444333333333333333333333333333333333333333333333300000000000000000000000000000000000000000000000000000000000000000000000000000000000000
00000000000000000000000000000000000000000000000000000000000004444444443333334444444444333333333333333333333333333333333333333333330000000000000000000000000000000000000000000000000000000000000000000000000000000000000000
00000000000000000000000000000000000000000000000000000000000000444444433333334444444444333333333333333333333333333333333333333300000000000000000000000000000000000000000000000000000000000000000000000000000000000000000000
00000000000000000000000000000000000000000000000000000000000000044444433333334444444444333333333333333333333333333333333330000000000000000000000000000000000000000000000000000000000000000000000000000000000000000000000000
00000000000000000000000000000000000000000000000000000000000000000444433333334444444444333333333333333333333333333333300000000000000000000000000000000000000000000000000000000000000000000000000000000000000000000000000000
00000000000000000000000000000000000000000000000000000000000000000000000000004444444443333333333333333333333333333000000000000000000000000000000000000000000000000000000000000000000000000000000000000000000000000000000000
00000000000000000000000000000000000000000000000000000000000000000000000000000444444433333333333333333333333300000000000000000000000000000000000000000000000000000000000000000000000000000000000000000000000000000000000000
00000000000000000000000000000000000000000000000000000000000000000000000000000044444433333333333333333333000000000000000000000000000000000000000000000000000000000000000000000000000000000000000000000000000000000000000000
00000000000000000000000000000000000000000000000000000000000000000000000000000000444433333333333330000000000000000000000000000000000000000000000000000000000000000000000000000000000000000000000000000000000000000000000000