00000000000000000000000000000000000000000000000000000000000000000000000000000000000000000000000000000000000000000000000000000000000000000000000000000000000000000000000000000000000000000000000000000000000000000000000000
00000000000000000000000000000000000000000000000000000000000000000000000000000000000000000000000000000000000000000000000000000000000000000000000000000000000000000000000000000000000000000000002222222222222222000000000000
00000000000000000000000000000000000000000000000000000000000000000000000000000000000000000000000000000000000000000000000000000000000000000000000000000000000000000000000000000000000000000000022222222222222222200000000000
00000000000000000000000000000000000000000000000000000000000000000000000000000000000000000000000000000000000000000000000000000000000000000000000000000000000000000000000000000000000000000000222222222222222222220000000000
00000000000000000000000000000000000000000000000000000000000000000000000000000000000000000000000000000000000000000000000000000000000000000000000000000000000000000000000000000000000000000000222222222222222222220000000000
00000000000000000000000000000000000000000000000000000000000000000000000000000000000000000000000000000000000000000000000000000000000000000000000000000000000000000000000000000000000000000002222222222222222222220000000000
00000000000000000000000000000000000000000000000000000000000000000000000000000000000000000000000000000000000000000000000000000000000000000000000000000000000000000000000000000000000000000002222222222222222222220000000000
00000000000000000000000000000000000000000000000000000000000000000000000000000000000000000000000000000000000000000000000000000000000000000000000000000000000000000000000000000000000000000022222222222222222222220000000000
00000000000000000000000000000000000000000000000000000000000000000000000000000000000000000000000000000000000000000000000000000000000000000000000000000000000000000000000000000000000000000022222222222222222222220000000000
00000000000000000000000000000000000000000000000000000000000000000000000000000000000000000000000000000000000000000000000000000000000000000000000000000000000000000000000000000000000000000222222222222222222222220000000000
00000000000000000000000000000000000000000000000000000000000000000000000000000000000000000000000000000000000000000000000000000000000000000000000000000000000000000000000000000000000000000222222222222222222222220000000000
00000000000000000000000000000000000000000000000000000000000000000000000000000000000000000000000000000000000000000000000000000000000000000000000000000000000000000000000000000000000000002222222222222222222222222000000000
00000000000000000000000000000000000000000000000000000000000000000000000000000000000000000000000000000000000000000000000000000000000000000000000000000000000000000000000000000000000000002222222222222222222222222000000000
00000000000000000000000000000000000000000000000000000000000000000000000000000000000000000000000000000000000000000000000000000000000000000000000000000000000000000000000000000000000000022222222222222222222222222000000000
00000000000000000000000000000000000000000000000000000000000000000000000000000000000000000000000000000000000000000000000000000000000000000000000000000000000000000000000000000000000000022222222222222222222222222000000000
00000000000000000000000000000000000000000000000000000000000000000000000000000000000000000000000000000000000000000000000000000000000000000000000000000000000000000000000000000000000000222222222222222222222222222000000000
00000000000000000000000000000000000000000000000000000000000000000000000000000000000000000000000000000000000000000000000000000000000000000000000000000000000000000000000000000000000000222222222222222222222222222000000000
00000000000000000000000000000000000000000000000000000000000000000000000000000000000000000000000000000000000000000000000000000000000000000000000000000000000000000000000000000000000002222222222222222222222222222000000000
00000000000000000000000000000000000000000000000000000000000000000000000000000000000000000000000000000000000000000000000000000000000000000000000000000000000000000000000000000000000002222222222222222222222222222000000000
00000000000000000000000000000000000000000000000000000000000000000000000000000000000000000000000000000000000000000000000000000000000000000000000000000000000000000000000000000000000022222222222222222222222222222200000000
00000000000000000000000000000000000000000000000000000000000000000000000000000000000000000000000000000000000000000000000000000000000000000000000000000000000000000000000000000000000022222222222222222222222222222200000000
00000000000000000000000000000000000000000000000000000000000000000000000000000000000000000000000000000000000000000000000000000000000000000000000000000000000000000000000000000000000222222222222222222222222222222200000000
00000000000000000000000000000000000000000000000000000000000000000000000000000000000000000000000000000000000000000000000000000000000000000000000000000000000000000000000000000000000222222222222222222222222222222200000000
00000000000000000000000000000000000000000000000000000000000000000000000000000000000000000000000000000000000000000000000000000000000000000000000000000000000000000000000000000000002222222222222222222222222222222200000000
00000000000000000000000000000000000000000000000000000002222220000000000000000000000000000000000000000000000000000000000000000000000000000000000000000000000000000000000000000000002222222222222222222222222222222200000000
00000000000000000000000000000000000000000000000000000022200000000000000000000000000000000000000000000000000000000000000000000000000000000000000000000000000000000000000000000000022222222222222222222222222222222200000000
00000000000000000000000000000000000000000000000000000022200000000000000000000000000000000000000000000000000000000000000000000000000000000000000000000000000000000000000000000000222222222222222222222222222222222200000000
00000000000000000000000000000000000000000000000000000222220000000000000000000000000000000000000000000000000000000000000000000000000000000000000000000000000000000000000000000022222222222222222222222222222222222220000000
00000000000000000000000000000000000002222222222222222222222222222222222222222222222222222222222222222222222222222222222222222222222222222222222222222222222222222222222222222222222222222222222222222222222222222220000000
00000000000000000000000000000002222222222222222222222222222222222222222222222222222222222222222222222222222222222222222222222222222222222222222222222222222222222222222222222222222222222222222222222222222222222220000000
00000000000000000000000000022222222222222222222222222222222222222222222222222222222222222222222222222222222222222222222222222222222222222222222222222222222222222222222222222222222222222222222222222222222222222220000000
00000000000000000000000000211111111111122222222222222222222222222222222222222222222222222222222222222222222222222222222222222222222222222222222222222222222222222222222222222222222222222222222222222222222222222220000000
00000000000000000000000002111111111111112222222222222222222222222222222222222222222222222222222222222222222222222222222222222222222222222222222222222222222222222222222222222222222222222222222222222222222222222220000000
00000000000000000000000021111111111111112222221111111111111111111111111111111111111111111111111111111111111111111111111111111111111111111111111111111111111111111111111111112222222222222222222222222222222222222220000000
00000000000000000000000211111111111111112222211111111111111111111111111111111111111111111111111111111111111111111111111111111111111111111111111111111111111111111111111111111222222222222222222222222222222222222220000000
00000000000000000000002111111111111111112222211111111111111111111111111111111111111111111111111111111111111111111111111111111111111111111111111111111111111111111111111111111222222222222222222222222222222222222222000000
00000000000000000000021111111111111111112222211111111111111111111111111111111111111111111111111111111111111111111111111111111111111111111111111111111111111111111111111111111222222222222222222222222222222222222222000000
00000000000000000000211111111111111111112222211111111111111111111111111111111111111111111111111111111111111111111111111111111111111111111111111111111111111111111111111111111222222222222222222222222222222222222222000000
00000000000000000002111111111111111111112222211111111111111111111111111111111111111111111111111111111111111111111111111111111111111111111111111111111111111111111111111111111222222222222222222222222222222222222222000000
00000000000000002221111111111111111111112222211111111111111111111111111111111111111111111111111111111111111111111111111111111111111111111111111111111111111111111111111111111222222222222222222222222222222222222222200000
00000000000002222221111111111111111111112222211111111111111111111111111111111111111111111111111111111111111111111111111111111111111111111111111111111111111111111111111111111222222222222222222222222222222222222222200000
00000000003333333331111111111111111111113333311111111111111111111111111111111111111111111111111111111111111111111111111111111111111111111111111111111111111111111111111111111333333333333333333333333333333332222222220000
00000000333333333331111111111111111111113333311111111111111111111111111111111111111111111111111111111111111111111111111111111111111111111111111111111111111111111111111111111333333333333333333333333333333333332222222000
00000033333333333331111111111111111111113333311111111111111111111111111111111111111111111111111111111111111111111111111111111111111111111111111111111111111111111111111111111333333333333444444444444333333333333332222200
00003333333333333331111111111111111111113333311111111111111111111111111111111111111111111111111111111111111111111111111111111111111111111111111111111111111111111111111111111333333333344444444444444444444444333333332220
00033333333333333331111111111111111111113333311111111114111111111114111111111114111111111114111111111114111111111114111111111114111111111114111111111114111111111114111111111333333333444444444444444444444444443333333332
00333333333333333331111111111111111111113333311111111141111441111141111441111141111441111141111441111141111441111141111441111141111441111141111441111141111441111141111441111333333333344444444444444444444444443333333333
03333333333333333331111111111111111111113333311111111141111441111141111441111141111441111141111441111141111441111141111441111141111441111141111441111141111441111141111441111333333333333333333333333333333333333333333330
03333333333333333331111111111111111111113333311111111144444441111144444441111144444441111144444441111144444441111144444441111144444441111144444441111144444441111144444441111333333333333333333333333333333333333333330000
22222222222222222221111111111111111111112222211111111144444441111144444441111144444441111144444441111144444441111144444441111144444441111144444441111144444441111144444441111222222222222222222222222222222222222220000000
22222222222222222221111111111111111111112222211111144444144441144444144441144444144441144444144441144444144441144444144441144444144441144444144441144444144441144444144441111222222222222222222222222222222222220000000000
22222222222222222221111111111111111111112222211111111144111111111144111111111144111111111144111111111144111111111144111111111144111111111144111111111144111111111144111111111222222222222222222222222222222220000000000000
22222222222222222222111111111111111111122222211111444444444441444444444441444444444441444444444441444444444441444444444441444444444441444444444441444444444441444444444441111222222222222222222222222222220000000000000000
22222222222222222222222222222222222222222222211111144444444411144444444411144444444411144444444411144444444411144444444411144444444411144444444411144444444411144444444411111222222222222222222222222220000000000000000000
02222222222222222222444444444444444444444444441111111111111111111111111111111111111111111111111111111111111111111111111111111111111111111111111111111111111111111111111111114444444444444444444444440000000000000000000000
02222222222224444444444444444444444444444444444444444444444444444444444444444444444444444444444444444444444444444444444444444444444444444444444444444444444444444444444444444444444444444444444440000000000000000000000000
00222222222444444444444444444444444444444444444444444444444444444444444444444444444444444444444444444444444444444444444444444444444444444444444444444444444444444444444444444444444444444444440000000000000000000000000000
00022222224444444444444444444444444444444444444444444444444444444444444444444444444444444444444444444444444444444444444444444444444444444444444444444444444444444444444444444444444444444440000000000000000000000000000000
00002222244444444444444444444444444444444444444444444444444444444444444444444444444444444444444444444444444444444444444444444444444444444444444444444444444444444444444444444444444444440000000000000000000000000000000000
00000022244444444444444444444444444444444444444444444444444444444444444444444444444444444444444444444444444444444444444444444444444444444444444444444444444444444444444444444444444400000000000000000000000000000000000000
00000000444444444444444444444444444444444444444444444444444444444444444444444444444444444444444444444444444444444444444444444444444444444444444444444444444444444444444444444444000000000000000000000000000000000000000000
00000000004444444444444444444444444444444444444444444444444444444444444444444444444444444444444444444444444444444444444444444444444444444444444444444444444444444444444444440000000000000000000000000000000000000000000000
00000000000004444444444444444444444444444444444444444444444444444444444444444444444444444444444444444444444444444444444444444444444444444444444444444444444444444444440000000000000000000000000000000000000000000000000000
00000000000000004444444444444444444444444444444444444444444444444444444444444444444444444444444444444444444444444444444444444444444444444444444444444444444444000000000000000000000000000000000000000000000000000000000000
00000000000000000000004444444444444444444444444444444444444444444444444444444444444444444444444444444444444444444444444444444444444444444444444444400000000000000000000000000000000000000000000000000000000000000000000000
00000000000000000000000000000000000000044444400000000004444444444444444444444444444444444444444444444444444444444444444444444444444444444440000000000000000000000000000000000000000000000000000000000000000000000000000000
00000000000000000000000000000000000000044444400000004444444444444444444444444444444444444444444444444444444444444444444444444444444444444444000000000000000000000000000000000000000000000000000000000000000000000000000000
00000000000000000000000000000000000000004444400000044444444444444444444444444444444444444444444444444444444444444444444444444444444444444444400000000000000000000000000000000000000000000000000000000000000000000000000000
00000000000000000000000000000000000000004444400000444444444444444444444444444444444444444444444444444444444444444444444444444444444444444444400000000000000000000000000000000000000000000000000000000000000000000000000000
00000000000000000000000000000000000000000000000000044444444444444444444444444444444444444444444444444444444444444444444444444444444444444444440000000000000000000000000000000000000000000000000000000000000000000000000000
00000000000000000000000000000000000000000000000000004444444444444444444444444444444444444444444444444444444444444444444444444444444444444444444000000000000000000000000000000000000000000000000000000000000000000000000000
00000000000000000000000000000000000000000000000000000004444444444444444444444444444444444444444444444444444444444444444444444444444444444444444400000000000000000000000000000000000000000000000000000000000000000000000000
00000000000000000000000000000000000000000000000000000000044444444444444444444444444444444444444444444444444444444444444444444444444444444444444440000000000000000000000000000000000000000000000000000000000000000000000000
00000000000000000000000000000000000000000000000000000000000444444444444444444444444444444444444444444444444444444444444444444444444444444444444440000000000000000000000000000000000000000000000000000000000000000000000000
00000000000000000000000000000000000000000000000000000000000004444444444444444444444444444444444444444444444444444444444444444444444444444444444440000000000000000000000000000000000000000000000000000000000000000000000000
00000000000000000000000000000000000000000000000000000000000004444444444444444444444444444444444444444444444444444444444444444444444444444444444000000000000000000000000000000000000000000000000000000000000000000000000000
00000000000000000000000000000000000000000000000000000000000004444444444444444444444444444444444444444444444444444444444444444444444444444400000000000000000000000000000000000000000000000000000000000000000000000000000000
00000000000000000000000000000000000000000000000000000000000004444444444444444444444444444444444444444444444444444444444444444444444400000000000000000000000000000000000000000000000000000000000000000000000000000000000000
00000000000000000000000000000000000000000000000000000000000004444444444444444444444444444444444444444444444444444444444444444444440000000000000000000000000000000000000000000000000000000000000000000000000000000000000000
00000000000000000000000000000000000000000000000000000000000000444444444444444444444444444444444444444444444444444444444444444400000000000000000000000000000000000000000000000000000000000000000000000000000000000000000000
00000000000000000000000000000000000000000000000000000000000000044444444444444444444444444444444444444444444444444444444440000000000000000000000000000000000000000000000000000000000000000000000000000000000000000000000000
00000000000000000000000000000000000000000000000000000000000000000444444444444444444444444444444444444444444444444444400000000000000000000000000000000000000000000000000000000000000000000000000000000000000000000000000000
00000000000000000000000000000000000000000000000000000000000000000000000000004444444444444444444444444444444444444000000000000000000000000000000000000000000000000000000000000000000000000000000000000000000000000000000000
00000000000000000000000000000000000000000000000000000000000000000000000000000444444444444444444444444444444400000000000000000000000000000000000000000000000000000000000000000000000000000000000000000000000000000000000000
00000000000000000000000000000000000000000000000000000000000000000000000000000044444444444444444444444444000000000000000000000000000000000000000000000000000000000000000000000000000000000000000000000000000000000000000000
00000000000000000000000000000000000000000000000000000000000000000000000000000000444444444444444440000000000000000000000000000000000000000000000000000000000000000000000000000000000000000000000000000000000000000000000000