0000000000000000000000000000000000000000000000000000000000000000000000000000000000000000000000000000000000000000000000000000000000000000000000000000000
0000000000000000000000000000000000000000000000000000000000000000000000000000000000000000000000000000000000000000000000000000000000000000000000000000000
0000000000000000000000000000000000000000000000000000000000000000000000000000000000000000000000000000000000000000000000000000000000000000000000000000000
0000000000000000000000000000000000000000000000000000000000000000000000000000000000000000000000000000000000000000000000000000001100000111110000000000000
0000000000000000000000000000000000000000000000000000000000000000000000000000003300000000033000000000000000000000000000000000011111111111111000000000000
0000000000000000000000000000000000000000000000000000000000000000000000000000033333000000333330000000000000000000000000000000111111111111111100000000000
0000000000000000000000000000000000000000000000000000000000000000000000000000033333333333333333333333333333333333333333300000111111111111111100000000000
0000000000000000000000000000000000000000000000000000000000000000000000000000033333333333333333333333333333333333333333333331111111111111111100000000000
0000000000000000000000000000000000000000000000000000000000000000000000000000033333333333333333333333333333333333333333333331111111111111111100000000000
0000000000000000000000000000000000000000000000000000000000000000000000000000033333333333333333333333333333333333333333333331111111111111111100000000000
0000000000000000000000000000000000000000000000000000000000000000000000000000033333333333333333333333333333333333333333333331111111111111111100000000000
0000000000000000000000000000000000000000000000000000000000000000000000000000033333333333333333333333333333333333333333333331111111111111111100000000000
0000000000000000000000000000000000000000000000000000000000000000000000000000033333333333333333333333333333333333333333300000111111111111111100000000000
0000000000000000000000000000000000000000000000000000000000000000000000000000033333000000333332222222222222222222222222220000111111111111111100000000000
0000000000000000000000000000000000000000000000000000000000000000000000000000003300000000033222222222222222222222222222220000011111111111111000000000000
0000000000000000000000000000000000000000000000000000000000000000000000000000000000000000000022222222222222222222222222222000001100000111110000000000000
0000000000000000000000000000000000000000000000000000000000000000000000000000000000000000000022222222222222222222222222222000000000000000000000000000000
0000000000000000000000000000000000000000000000000000000000000000000000000000000000000000000222222222222222222222222222222200000000000000000000000000000
0000000000000000000000000000000000000000000000000000000000000000000000000000000000000000000222222222222222222222222222222200000000000000000000000000000
0000000000000000000000000000000000000000000000000000000000000000000000000000000000000000002222222222222222222222222222222220000000000000000000000000000
0000000000000000000000000000000000000000000000000000000000000000000000000000000000000000002222222222222222222222222222222220000000000000000000000000000
0000000000000000000000000000000000000000000000000000000000000000000000000000000000000000022222222222222222222222222222222222000000000000000000000000000
0000000000000000000000000000000000000000000000000000000000000000000000000000000000000000022222222222222222222222222222222222000000000000000000000000000
0000000000000000000000000000000000000000000000000000000000000000000000000000000000002222222222222222222222222222222222222222200000000000000000000000000
0000000000000000000000000000000000000000000000000000000000000000000000000000000000002222222222222222222222222222222222222222200000000000000000000000000
0000000000000000000000000000000000000000000000000000000000000000000000000000000022222222222222222222222222222222222222222222222222222222000000000000000
0000000000000000000000000000000000000000000000000000000000000222222222222222222222222222222222222222222222222222222222222222222222222222200000000000000
0000000000000000000000000000000000000000000000000000000000022111111111111111444444444444444444444444444444444444444222222222222222222222220000000000000
0000000000000000000000000000000000000000000000000000000002211111111111111111144444444444444444444444444444444444444422222222222222222222222000000000000
0000000000000000000000000000000000000000000000000000000221111111111111111111114444411111111111111444441141111411444442222222222222222222222200011111000
0000000000000000000000000000000000000000000000000000022111111111111111111111111444111111111111111144441444444441444444222222222222222222222211111111100
0000000000000000000000000000000000000000000000000002211111111111111111111111111444111111111111111144444444444444444444422222222222222222222111111111110
0000000000000000000000000000000000000000000000000221111111111111111111111111111444111111111111111144444444444444444444422222222222222222222111111111110
0000000000000000000000000000000000000000000000022111111111111111111111111111111444111111111111111144444444444444444444422222222222222222221111111111110
0000000000000000000000000000000000000000000002211111111111111111111111111111111444111111111111111144444444444444444444422222222222222222221111111111110
0000000000000000000000000000000000000000000221111111111111111111111111111111111444111111111111111144444444444444444444422222222222222222211111111111110
0000000000000000000000000000000000000000022111111111111111111111111111111111111444111111111111111144444444444444444444422222222222222222211111111111110
0000000000000000000000000000000222222222222111111111111111111111111111111111111444411111111111111444444444444444444444422222222222222222111111111111110
0000000000000222222222222222222222222222222444444411111111111111111111111111114444444444444444444444444444444444444444422222222222222222111111111111110
0000000000002222222222222222222222222222222244444441111111111111111111111111144444444444444444444444444444444444444444422222222222222221111111111111110
0000022222222222222222222222222222222222222221111144111111111111111111111111111114444441111114444444444444444444444444422222222222222221111111111111100
0000222222222222222222222222222222222222222222111114411111111111111111111111111111444411111111444444444444444444444444422222222222222211111111111111000
0002222222222222222222222222222222222222222222211111441111111111111111111111111111444411111111444444444444444444444444422222222222222211111111111000000
0022222222222222222222222222222222222222222222221111144111111111111111111411111111444411111111444444444444444444444444422222222222222111111111110000000
0222222222222222222222222222222222222222222222222111114444444411111111444411111111444411111111444444444444444444444444422222222222222111111111110000000
2222222222222222222222222222222222222222222222222211144111111111111111111111111111111111111111444444444444444444444444422222222222221111111111110000000
2222222222222222222222222222222222222222222222222224441111111111111111111111111111111111111111444444444444444444444444222222222222221111111111110000000
2222222222222222222222222222222222222222222222222222444444111111111111111111111111111111111111444444441444444441444442222222222222211111111111110000000
2222222222222222222222222222222222222222222222222222244444411111111111411111111111411111111111444444441144444411444422222222222222211111111111110000000
2222222222222222222222222222222222222222222222222222224444411111111114411111111114411111111114444444444444444444444222222222222222111111111111110000000
2222222222222222222222222222222222222222222222222222222222222222222222222222222222222222222222222222222222222222222222222222222222111111111111110000000
2222222222222222222222222222222222222222222222222222222222222222222222222222222222222222222222222222222222222222112222222222222221111111111111100000000
0222222222222222222222222222222222222222222222222222222222222222332222222223322222222222222222222222222222222221111111111112222221111111111111000000000
0022222222222222222222222222222222222222222222222222222222222223333322222233333222222222222222222222222222222211111111111112222211111111111110000000000
0002222222222222222222222222222222222222222222222222222222222223333333333333333333333333333333333333333332222211111111111111222211111111111100000000000
0000222222222222222222222222222222222222222222222222222222222223333333333333333333333333333333333333333333333111111111111111222111111111111100000000000
0000022222222222222222222222222222222222222222222222222222222223333333333333333333333333333333333333333333333111111111111111222111111111111100000000000
0000000000002222222222222222222222222222222222222222222222222223333333333333333333333333333333333333333333333111111111111111221111111111111100000000000
0000000000000222222222222222222222222222222222222222222222222223333333333333333333333333333333333333333333333111111111111111221111111111111100000000000
0000000000000000000000000000000000002221111222222222222222222223333333333333333333333333333333333333333333333111111111111111211111111111111100000000000
0000000000000000000000000000000000000222111122222222222222222223333333333333333333333333333333333333333332222211111111111111211111111111111100000000000
0000000000000000000000000000000000000022211112222222222222222223333322222233333222222222222222222222222222222211111111111112111111111111111100000000000
0000000000000000000000000000000000000002221111222222222222222222332222222223322222222222222222222222222222222221111111111112111111111111111000000000000
0000000000000000000000000000000000000000222111122222222222222222222222222222222222222222222222222222222222222222112222222221001100000111110000000000000
0000000000000000000000000000000000000000022211112222222222222222222222222222222222222222222222222222222222222222222222222220000000000000000000000000000
0000000000000000000000000000000000000000002222222222222222222222222222222222222222222222222222222222222222222222222222222200000000000000000000000000000
0000000000000000000000000000000000000000000000000000000000000000000000222222222222222222222222222222222222222222222200000000000000000000000000000000000
0000000000000000000000000000000000000000000000000000000000000000000000022222222222222222222222222222222222222222222000000000000000000000000000000000000
0000000000000000000000000000000000000000000000000000000000000000000000022222222222222222222222222222222222222222222000000000000000000000000000000000000
0000000000000000000000000000000000000000000000000000000000000000000000002222222222222222222222222222222222222222220000000000000000000000000000000000000
0000000000000000000000000000000000000000000000000000000000000000000000002222222222222222222222222222222222222222220000000000000000000000000000000000000
0000000000000000000000000000000000000000000000000000000000000000000000000222222222222222222222222222222222222222200000000000000000000000000000000000000
0000000000000000000000000000000000000000000000000000000000000000000000000222222222222222222222222222222222222222200000000000000000000000000000000000000
0000000000000000000000000000000000000000000000000000000000000000000000000022222222222222222222222222222222222222000000000000000000000000000000000000000
0000000000000000000000000000000000000000000000000000000000000000000000000022222222222222222222222222222222222222000000000000000000000000000000000000000
0000000000000000000000000000000000000000000000000000000000000000000000000002222222222222222222222222222222222220000000000000000000000000000000000000000
0000000000000000000000000000000000000000000000000000000000000000000000000002222222222222222222222222222222222220000000000000000000000000000000000000000
0000000000000000000000000000000000000000000000000000000000000000000000000000222222222222222222222222222222222200000000000000000000000000000000000000000
0000000000000000000000000000000000000000000000000000000000000000000000000000222222222222222222222222222222222200000000000000000000000000000000000000000
0000000000000000000000000000000000000000000000000000000000000000000000000000022222222222222222222222222222222000000000000000000000000000000000000000000
0000000000000000000000000000000000000000000000000000000000000000000000000000022222222222222222222222222222222000000000000000000000000000000000000000000
0000000000000000000000000000000000000000000000000000000000000000000000000000002222222222222222222222222222220000000000000000000000000000000000000000000
0000000000000000000000000000000000000000000000000000000000000000000000000000002222222222222222222222222222220000000000000000000000000000000000000000000
0000000000000000000000000000000000000000000000000000000000000000000002222222222222222222222222222222222222200000000000000000000000000000000000000000000
0000000000000000000000000000000000000000000000000000000000000000000002222222222222222222222222222222222222200000000000000000000000000000000000000000000
0000000000000000000000000000000000000000000000000000000000000000000000222222222222222222222222222222222222000000110000011111000000000000000000000000000
0000000000000000000000000000000000000000000000000000000000000000330000222223322222222222222222222222222222000001111111111111100000000000000000000000000
0000000000000000000000000000000000000000000000000000000000000003333300022233333222222222222222222222222220000011111111111111110000000000000000000000000
0000000000000000000000000000000000000000000000000000000000000003333333333333333333333333333333333333333330000011111111111111110000000000000000000000000
0000000000000000000000000000000000000000000000000000000000000003333333333333333333333333333333333333333333333111111111111111110000000000000000000000000
0000000000000000000000000000000000000000000000000000000000000003333333333333333333333333333333333333333333333111111111111111110000000000000000000000000
0000000000000000000000000000000000000000000000000000000000000003333333333333333333333333333333333333333333333111111111111111110000000000000000000000000
0000000000000000000000000000000000000000000000000000000000000003333333333333333333333333333333333333333333333111111111111111110000000000000000000000000
0000000000000000000000000000000000000000000000000000000000000003333333333333333333333333333333333333333333333111111111111111110000000000000000000000000
0000000000000000000000000000000000000000000000000000000000000003333333333333333333333333333333333333333330000011111111111111110000000000000000000000000
0000000000000000000000000000000000000000000000000000000000000003333300000033333000000000000000000000000000000011111111111111110000000000000000000000000
0000000000000000000000000000000000000000000000000000000000000000330000000003300000000000000000000000000000000001111111111111100000000000000000000000000
0000000000000000000000000000000000000000000000000000000000000000000000000000000000000000000000000000000000000000110000011111000000000000000000000000000
0000000000000000000000000000000000000000000000000000000000000000000000000000000000000000000000000000000000000000000000000000000000000000000000000000000
0000000000000000000000000000000000000000000000000000000000000000000000000000000000000000000000000000000000000000000000000000000000000000000000000000000