000000000000000000000000000000000000000000000000000000000000000000000000000000000000000000000000000000000000000000000000000000000000000000000000000000000000000
000000000000000000000000000000000000000000000000000000000000000000000000000000000000000000000000000000000000000000000000000000000000000000000033333333333000000
000000000000000000000000000000000000000000000000000000000000000000000000000000000000000000000000000000000000000000000000000000000000000000000333333333333300000
000000000000000000000000000000000000000000000000000000000000000000000000000000000000000000000000000000000000000000000000000000000000000000003333333333333220000
000000000000000000000000000000000000000000000000000000000000000000000000000000000000000000000000000000000000000000000000000000000000000000003333333333322220000
000000000000000000000000000000000000000000000000000000000000000000000000000000000000000000000000000000000000000000000000000000000000000000003333333322222220000
000000000000000000000000000000000000000000000000000000000000000000000000000000000000000000000000000000000000000000000000000000000000000000003333332222222220000
000000000000000000000000000000000000000000000000000000000000000000000000000000000000000000000000000000000000000000000000000000000000000000003333322222222220000
000000000000000000000000000000000000000000000000000000000000000000000000000000000000000000000000000000000000000000000000000000000000000000033333322222222220000
000000000000000000000000000000000000000000000000000000000000000000000000000000000000000000000000000000000000000000000000000000000000000000033333322222222222000
000000000000000000000000000000000000000000000000000000000000000000000000000000000000000000000000000000000000000000000000000000000000000000033333222222222222000
000000000000000000000000000000000000000000000000000000000000000000000000000000000000000000000000000000000000000000000000000000000000000000033333222222222222000
000000000000000000000000000000000000000000000000000000000000000000000000000000000000000000000000000000000000000000000000000000000000000000033332222222222222000
000000000000000000000000000000000000000000000000000000000000000000000000000000000000000000000000000000000000000000000000000000000000000000333332222222222222000
000000000000000000000000000000000000000000000000000000000000000000000000000000000000000000000000000000000000000000000000000000000000000000333322222222222222000
000000000000000000000000000000000000000000000000000000000000000000000000000000000000000000000000000000000000000000000000000000000000000000333322222222222222200
000000000000000000000000000000000000000000000000000000000000000000000000000000000000000000000000000000000000000000000000000000000000000000333222222222222222200
000000000000000000000000000000000000000000000000000000000000000000000000000000000000000000000000000000000000000000000000000000000000000000333222222222222222200
000000000000000000000000000000000000000000000000000000000000000000000000000000000000000000000000000000000000000000000000000000000000000003332222222222222222200
000000000000000000000000000000000000000000000000000000000000000000000000000000000000000000000000000000000000000000000000000000000000000003332222222222222222200
000000000000000000000000000000000000000000000000000000000000000000000000000000000000000000000000000000000000000000000000000000000000000003332222222222222222200
000000000000000000000000000000000000000000000000000000000000000000000000000000000000000000000000000000000000000000000000000000000000000003322222222222222222220
000000000000000000000000000000000000000000000000000000000000000000000000000000000000000000000000000000000000000000000000000000000000000003322222222222222222220
000000000000000000000000000000000000000000000000000000000000000000000000000000000000000000000000000000000000000000000000000000000000000033222222222222222222220
000000000000000000000000000000000000000000000000000000000000000000000000000000000000000000000000000000000000000000000000000000000000000033222222222222222222220
000000000000000000000000000000000000000000000000000000000000000000000000000000000000000000000000000000000000000000000000000000000000000032222222222222222222220
000000000000000000000000000000000000000000000000000000000000000000000000000000000000000000000000000000000000000000000000000000000000000032244444444444444422220
000000000000000000000000000000000000000000000000000000000000000000000000000000000000000000000000000000000000000000000000000000000000000022444444444444444442222
000000000000000000000000000000000000000000002222222222222222222200000000000000000000000000000000000000000000000000000000000000000000000222244444444444444422222
000000000000000000000000000000002222222222222222222222222222222222222222222220000000000000000000000000000000000000000000000000000000002222222222222222222222222
000000000000000000000000000000000000002222222222222222222222222222222222222222200000000000000000000000000000000000000000000000000000022222222222222222222222222
000000000000000000000000000000000000000000222222222222222222222222222222222222220000000000000000000000000000000000000000000000000000222222222222222222222222222
000000000000000000000000000000000000000000022222222222222222222222222222222222200000000000000000000000000000000000000000000000000002222222222222222222222222222
000000000000000000000000000000000000000000033222222222444444222222222222222222222222222222222222222222222222222222222222222222222222222222222222222222222222222
000000000000000000000000000000000000000000333333333333444444333333333333333333333333333333333333333333333333333333333333333333333333333333333333333333333333333
000000000000000000000000000000000000000001111111111113344443111111111111111113333333333333333333333333333333333333333333333333333333333333333333333333333333333
000000000000000000000000000000000000000011111111111111334411111111111111111111333333333333333333333333333333333333333333333333333333333333333333333333333333000
000000000000000000000000000000000000000111111111111111224411111111111111111111222222222222233333333333333333333333333333333333333333333333333333333333333000000
000000000000000000000000000000000000001111111111111111444411111111111111111111444444444444223333333333333333333333333333333333333333333333333333333333110000000
000000000000000000000000000000000000011111111111111111444411111111111111111111444444444444423333333333333333333333333333333333333333333333333333333000110000000
000000000000000000000000000000000000111111111111111111444411111111111111111111444444444444423333333333333333333333333333333333333333333333333333110000110000000
000000000000000000000000000000000001111111111111111111444411111111111111111111444444444444423333333333333333333333333333333333333333333333333000011000110000000
000000000000000000000000000000000011111111111111111111444411111111111111111111444444444444423333333333333333333333333333333333333333333333000000001100110000000
000000000000000004444444444444444111111111111111111111444411111111111111111111444444444444423333333333333333333333333333333333333333333000000000000110110000000
000000444444444444444444444444444111111111111111111111444411111111111111111111444444444444423333333333333333333333333333333333333333000000000000000011110000000
000004444444444444444444444444444111111111111111111111444411111111111111111111444444444444423333333333333333333333333333333333333000000000000000000001110000000
002224444444444444444444444444444111111111111111111111444411111111111111111111444444444444423333333333333333333333333333333333000000000000000000000000111100000
022224444444444444444444444444444111111111111111111111444411111111111111111111444444444444423333333333333333333333333333333000000000000000000000000000011110000
222224444444444444444444444444444111111111111111111111444411111111111111111111444444444444223333333333333333333333333333000000000000000000000000000000111111000
022222222222222222222222222222222111111111111111111111244211111111111111111111222222222222233333333333333333333333333000000000000000000000000000000000111111000
002223333333333333333333333333333111111111111111111111344311111111111111111111333333333333333333333333333333333333000000000000000000000000000000000000011110000
000002222222222222222222222222222111111111111111111111244211111111111111111111222222222222222222222222222222222000000000000000000000000000000000000000001100000
000000444444444444444444444444444111111111111111111111444411111111111111111111444444444444444444444444444444000000000000000000000000000000000000000000000000000
000000444444444444444444444444444111111111111111111111444411111111111111111111444444444444444444444444444000000000000000000000000000000000000000000000000000000
000000044444444444444444444444444111111111111111111111444411111111111111111111444444444444444444444444000000000000000000000000000000000000000000000000000000000
000000044444444444444444444444444111111111111111111111444411111111111111111111444444444444444444444000000000000000000000000000000000000000000000000000000000000
000000004444444444444444444444444411111111111111111114444441111111111111111114444444444444444444000000000000000000000000000000000000000000000000000000000000000
000000000044444444444444444444444444444444444444444444444444444444444444444444444444444444444000000000000000000000000000000000000000000000000000000000000000000
000000000000444444444444444444444444444444444444444444444444444444444444444444444444444444000000000000000000000000000000000000000000000000000000000000000000000
000000000000004444444444444444444444444444444444444444444444444444444444444444444444444000000000000000000000000000000000000000000000000000000000000000000000000
000000000000000004444444444444444444444444444444444444444444444444444444444444444444000000000000000000000000000000000000000000000000000000000000000000000000000
000000000000000000044444444444444444444444444444444444444444444444444444444444444000000000000000000000000000000000000000000000000000000000000000000000000000000
000000000000000000000044444444444444444444444444444444444444444444444444444444000000000000000000000000000000000000000000000000000000000000000000000000000000000
000000000000000000000000444444444444444444444444444444444444444444400000000000000000000000000000000000000000000000000000000000000000000000000000000000000000000
000000000000000000000000000000000000004444444444444440000000000000000000000000000000000000000000000000000000000000000000000000000000000000000000000000000000000
000000000000000000000000000000000000004444444444444400000000000000000000000000000000000000000000000000000000000000000000000000000000000000000000000000000000000
000000000000000000000000000000000000004444444444444000000000000000000000000000000000000000000000000000000000000000000000000000000000000000000000000000000000000
000000000000000000000000000000000000011111444444440000000000000000000000000000000000000000000000000000000000000000000000000000000000000000000000000000000000000
000000000000000000000000000000000001111111114414400000000000000000000000000000000000000000000000000000000000000000000000000000000000000000000000000000000000000
000000000000000000000000000000000011111111111111000000000000000000000000000000000000000000000000000000000000000000000000000000000000000000000000000000000000000
000000000000000000000000000000000011111111111111000000000000000000000000000000000000000000000000000000000000000000000000000000000000000000000000000000000000000
000000000000000000000000000000000111111111111111100000000000000000000000000000000000000000000000000000000000000000000000000000000000000000000000000000000000000
000000000000000000000000000000000111111111111111100000000000000000000000000000000000000000000000000000000000000000000000000000000000000000000000000000000000000
000000000000000000000000000000000111111111111111100000000000000000000000000000000000000000000000000000000000000000000000000000000000000000000000000000000000000
000000000000000000000000000000000111111111111111100000000000000000000000000000000000000000000000000000000000000000000000000000000000000000000000000000000000000
000000000000000000000000000000000111111111111111100000000000000000000000000000000000000000000000000000000000000000000000000000000000000000000000000000000000000
000000000000000000000000000000000011111111111111000000000000000000000000000000000000000000000000000000000000000000000000000000000000000000000000000000000000000
000000000000000000000000000000000011111111111111000000000000000000000000000000000000000000000000000000000000000000000000000000000000000000000000000000000000000
000000000000000000000000000000000001111111111110000000000000000000000000000000000000000000000000000000000000000000000000000000000000000000000000000000000000000
000000000000000000000000000000000000011111111000000000000000000000000000000000000000000000000000000000000000000000000000000000000000000000000000000000000000000