000000000000000000000000000000000000000000000000000000000000000000000000000000000000000000000000000000000000000000000000000000000000000000000000000000000000000
000000000000000000000000000000000000000000000000000000000000000000000000000000000000000000000000000000000000000000000000000000000000000000000022222222223000000
000000000000000000000000000000000000000000000000000000000000000000000000000000000000000000000000000000000000000000000000000000000000000000000222222222233300000
000000000000000000000000000000000000000000000000000000000000000000000000000000000000000000000000000000000000000000000000000000000000000000002222222222233330000
000000000000000000000000000000000000000000000000000000000000000000000000000000000000000000000000000000000000000000000000000000000000000000002222222222333330000
000000000000000000000000000000000000000000000000000000000000000000000000000000000000000000000000000000000000000000000000000000000000000000002222222222333330000
000000000000000000000000000000000000000000000000000000000000000000000000000000000000000000000000000000000000000000000000000000000000000000002222222223333330000
000000000000000000000000000000000000000000000000000000000000000000000000000000000000000000000000000000000000000000000000000000000000000000002222222223333330000
000000000000000000000000000000000000000000000000000000000000000000000000000000000000000000000000000000000000000000000000000000000000000000022222222233333330000
000000000000000000000000000000000000000000000000000000000000000000000000000000000000000000000000000000000000000000000000000000000000000000022222222233333333000
000000000000000000000000000000000000000000000000000000000000000000000000000000000000000000000000000000000000000000000000000000000000000000022222222333333333000
000000000000000000000000000000000000000000000000000000000000000000000000000000000000000000000000000000000000000000000000000000000000000000022222222333333333000
000000000000000000000000000000000000000000000000000000000000000000000000000000000000000000000000000000000000000000000000000000000000000000022222223333333333000
000000000000000000000000000000000000000000000000000000000000000000000000000000000000000000000000000000000000000000000000000000000000000000222222223333333333000
000000000000000000000000000000000000000000000000000000000000000000000000000000000000000000000000000000000000000000000000000000000000000000222222233333333333000
000000000000000000000000000000000000000000000000000000000000000000000000000000000000000000000000000000000000000000000000000000000000000000222222233333333333300
000000000000000000000000000000000000000000000000000000000000000000000000000000000000000000000000000000000000000000000000000000000000000000222222333333333333300
000000000000000000000000000000000000000000000000000000000000000000000000000000000000000000000000000000000000000000000000000000000000000000222222333333333333300
000000000000000000000000000000000000000000000000000000000000000000000000000000000000000000000000000000000000000000000000000000000000000002222223333333333333300
000000000000000000000000000000000000000000000000000000000000000000000000000000000000000000000000000000000000000000000000000000000000000002222223333333333333300
000000000000000000000000000000000000000000000000000000000000000000000000000000000000000000000000000000000000000000000000000000000000000002222233333333333333400
000000000000000000000000000000000000000000000000000000000000000000000000000000000000000000000000000000000000000000000000000000000000000002222233333333333334330
000000000000000000000000000000000000000000000000000000000000000000000000000000000000000000000000000000000000000000000000000000000000000002222333333333333343320
000000000000000000000000000000000000000000000000000000000000000000000000000000000000000000000000000000000000000000000000000000000000000022222333333333333433220
000000000000000000000000000000000000000000000000000000000000000000000000000000000000000000000000000000000000000000000000000000000000000022223333333333334332220
000000000000000000000000000000000000000000000000000000000000000000000000000000000000000000000000000000000000000000000000000000000000000022223333333333343322220
000000000000000000000000000000000000000000000000000000000000000000000000000000000000000000000000000000000000000000000000000000000000000022233333333333433222220
000000000000000000000000000000000000000000000000000000000000000000000000000000000000000000000000000000000000000000000000000000000000000022233333333334332222222
000000000000000000000000000000000000000000002222222222222222222200000000000000000000000000000000000000000000000000000000000000000000000222333333333343322222222
000000000000000000000000000000002222222222222222222222222222222222222222222220000000000000000000000000000000000000000000000000000000002222333333333433222222222
000000000000000000000000000000000000002222222222222222222222222222222222222222200000000000000000000000000000000000000000000000000000022223333333334332222222222
000000000000000000000000000000000000000000222222222222222222222222222222222222220000000000000000000000000000000000000000000000000000222223333333343322222222222
000000000000000000000000000000000000000000022222222222222222222222222222222222200000000000000000000000000000000000000000000000000002222233333333433222222222222
000000000000000000000000000000000000000000022222222222222222222222222222222222222222222222222222222222222222222222222222222222222222222333333334332222222222222
000000000000000000000000000000000000000000222222222222222222222222222222222222222222222222222222222222222222222222222222222222222222333333333343322222222222222
000000000000000000000000000000000000000001111111111112222222111111111111111112222222222222222222222222222222222222222222222222222333333333333433222222222222222
000000000000000000000000000000000000000011111111111111222211111111111111111111222222222222222222222222222222222222222222222222333333333333444332222222222222000
000000000000000000000000000000000000000111111111111111222211111111111111111111222222222222222222222222222222222222222222222333333333333444333322222222222000000
000000000000000000000000000000000000001111111111111111222211111111111111111111222222222222222222222222222222222222222222333333333333444333333222222222110000000
000000000000000000000000000000000000011111111111111111222211111111111111111111222222222222222222222222222222222222222333333333333444333333222222222000110000000
000000000000000000000000000000000000111111111111111111222211111111111111111111222222222222222222222222222222222222333333333333444333333222222222110000110000000
000000000000000000000000000000000001111111111111111111222211111111111111111111222222222222222222222222222222222333333333333444333333222222222000011000110000000
000000000000000000000000000000000011111111111111111111222211111111111111111111222222222222222222222222222222333333333333444333333222222222000000001100110000000
000000000000000003333333333332222111111111111111111111222211111111111111111111222222222222222222222222222333333333333444333333222222222000000000000110110000000
000000333333333333333333333332222111111111111111111111222211111111111111111111222222222222222222222222333333333333444333333222222222000000000000000011110000000
000003333333333333333333333333222111111111111111111111222211111111111111111111222222222222222222222333333333333444333333222222222000000000000000000001110000000
003333333333333333333333333333322111111111111111111111322311111111111111111111333333333333333333333333333333444333333222222222000000000000000000000000111100000
033333333333333333333333333333333111111111111111111111322311111111114444411111333333333333333333333333333444333333222222222000000000000000000000000000011110000
333333333333333333333333333333333111111111111111111111322311111111144444441111333333333333333333333333444333333222222222000000000000000000000000000000111111000
033333333333333333333333333333333111111111111111111111322311111111144444441111333333333333333333333444333333222222222000000000000000000000000000000000111111000
003334444444444444444444444444444111111111111111111111422411111111144444441111444444444444444444444333333222222222000000000000000000000000000000000000011110000
000003333333333333333333333333333111111111111111111111322311111111144444441111333333333333333333333333222222222000000000000000000000000000000000000000001100000
000000333333333333333333333333333111111111111111111111322311111144444144441111333333333333333333333222222222000000000000000000000000000000000000000000000000000
000000222222222222222222222222222111111111111111111111222211111111144111111111222222222222222222222222222000000000000000000000000000000000000000000000000000000
000000022222222222222222222222222111111111111111111111222211111444444444441111222222222222222222222222000000000000000000000000000000000000000000000000000000000
000000022222222222222222222222222111111111111111111111222211111144444444411111222222222222222222222000000000000000000000000000000000000000000000000000000000000
000000002222222222222222222222222211111111111111111112222221111111111111111112222222222222222222000000000000000000000000000000000000000000000000000000000000000
000000000022222222222222222222222222222222222222222222222222222222222222222222222222222222222000000000000000000000000000000000000000000000000000000000000000000
000000000000222222222222222222222222222222222222222222222222222222222222222222222222222222000000000000000000000000000000000000000000000000000000000000000000000
000000000000002222222222222222222222222222222222222222222222222222222222222222222222222000000000000000000000000000000000000000000000000000000000000000000000000
000000000000000002222222222222222222222222222222222222222222222222222222222222222222000000000000000000000000000000000000000000000000000000000000000000000000000
000000000000000000022222222222222222222222222222222222222222222222222222222222222000000000000000000000000000000000000000000000000000000000000000000000000000000
000000000000000000000022222222222222222222222222222222222222222222222222222222000000000000000000000000000000000000000000000000000000000000000000000000000000000
000000000000000000000000222222222222222222222222222222222222222222200000000000000000000000000000000000000000000000000000000000000000000000000000000000000000000
000000000000000000000000000000000000002222222222222220000000000000000000000000000000000000000000000000000000000000000000000000000000000000000000000000000000000
000000000000000000000000000000000000002222222222222200000000000000000000000000000000000000000000000000000000000000000000000000000000000000000000000000000000000
000000000000000000000000000000000000002222222222222000000000000000000000000000000000000000000000000000000000000000000000000000000000000000000000000000000000000
000000000000000000000000000000000000011111222222220000000000000000000000000000000000000000000000000000000000000000000000000000000000000000000000000000000000000
000000000000000000000000000000000001111111112212200000000000000000000000000000000000000000000000000000000000000000000000000000000000000000000000000000000000000
000000000000000000000000000000000011111111111111000000000000000000000000000000000000000000000000000000000000000000000000000000000000000000000000000000000000000
000000000000000000000000000000000011111111111111000000000000000000000000000000000000000000000000000000000000000000000000000000000000000000000000000000000000000
000000000000000000000000000000000111111111111111100000000000000000000000000000000000000000000000000000000000000000000000000000000000000000000000000000000000000
000000000000000000000000000000000111111111111111100000000000000000000000000000000000000000000000000000000000000000000000000000000000000000000000000000000000000
000000000000000000000000000000000111111111111111100000000000000000000000000000000000000000000000000000000000000000000000000000000000000000000000000000000000000
000000000000000000000000000000000111111111111111100000000000000000000000000000000000000000000000000000000000000000000000000000000000000000000000000000000000000
000000000000000000000000000000000111111111111111100000000000000000000000000000000000000000000000000000000000000000000000000000000000000000000000000000000000000
000000000000000000000000000000000011111111111111000000000000000000000000000000000000000000000000000000000000000000000000000000000000000000000000000000000000000
000000000000000000000000000000000011111111111111000000000000000000000000000000000000000000000000000000000000000000000000000000000000000000000000000000000000000
000000000000000000000000000000000001111111111110000000000000000000000000000000000000000000000000000000000000000000000000000000000000000000000000000000000000000
000000000000000000000000000000000000011111111000000000000000000000000000000000000000000000000000000000000000000000000000000000000000000000000000000000000000000