000000000000000000000000000000000000000000000000000000000000000000000000000000000000000000000000000000000000000000000000000000000000000000000000000000000000002222222222222200000000000
000000000000000000000000000000000000000000000000000000000000000000000000000000000000000000000000000000000000000000000000000000000000000000000000000000000000222222222222222222200000000
000000000000000000000000000000000000000000000000000000000000000000000000000000000000000000000000000000000000000000000000000000000000000000000000000000000022222222222222222222222000000
000000000000000000000000000000000000000000000000000000000000000000000000000000000000000000000000000000000000000000000000000000000000000000000000000000000442222222222222222222222200000
000000000000000000000000000000000000000000000000000000000000000000000000000000000000000000000000000000000000000000000000000000000000000000000000000000004444222222222222222222222222200
000000000000000000000000000000000000000000000000000000000000000000000000000000000000000000000000000000000000000000000000000000000000000000000000000000044442222222222222222222222222222
000000000000000000000000000000000000000000000000000000000000000000000000000000000000000000000000000000000000000000000000000000000000000000000000000000444422222222222222222222222222222
000000000000000000000000000000000000000000000000000000000000000000000000000000000000000000000000000000000000000000000000000000000000000000000000000004444222222222222222222222222200000
000000000000000000000000000000000000000000000000000000000000000000000000000000000000000000000000000000000000000000000000000000000000000000000000000044442222222222222222222222222000000
000000000000000000000000000000000000000000000000000000000000000000000000000000000000000000000000000000000000000000000000000000000000000000000000000444422222233332222222222222222000000
000000000000000000000000000000000000000000000000000000000000000000000000000000000000000000000000000000000000000000000000000000000000000000000000004444222222222222222222222222220000000
000000000000000000000000000000000000000000000000000000000000000000000000000000000000000000000000000000000000000000000000000000000000000000000000044442222222222222222222222222220000000
000000000000000000000000000000000000000000000000000000000000000000000000000000000000000000000000000000000000000000000000000000000000000000000000444422222222222222222222222222200000000
000000000000000000000000000000000000000000000000000000000000000000000000000000000000000000000000000000000000000000000000000000000000000000000004444222222222222222222222222222200000000
000000000000000000000000000000000000000000000000000000000000000000000000000000000000000000000000000000000000000000000000000000000000000000000044442222222222222222222222222222000000000
000000000000000000000000000000000000000000000000000000000000000000000000000000000000000000000000000000000000000000000000000000000000000000000444422222222222222222222222222222000000000
000000000000000000000000000000000000000000000000000000000000000000000000000000000000000000000000000000000000000000000000000000000000000000004444222222222222222222222222222220000000000
000000000000000000000000000000000000000000000000000000000004444400000000000000000000000000000000000000000000000000000000000000000000000000044442222222222222222222222222222220000000000
000000000000000000000000000000000000000000000000000000000004444400000000000000000000000000000000000000000000000000000000000000000000000000444422222222222222222222222222222200000000000
000000000000000000000000000000000000000000000000000000000044444400000000000000000000000000000000000000000000000000000000000000000000000004444222222222222222222222222222222200000000000
000000000000000000000000000000000000000000000000000000000044444400000000000000000000000000000000000000000000000000000000000000000000000044442222222222222222222222222222222000000000000
000000000000000000000000000000000000000000000000022222222222222222222222222222222222220000000000000000000000000000000000000000000000002244422222222222222222222222222222222000000000000
000000000000000000000000000000000000000000022222222222222222222222222222222222222222222222222222222000000000000000000000000222222222222224222222222222222222222222222222220000000000000
000000000000000000000000000000000000002222222222222222222222222222222222222222222222222222222222222222222222000000000000002222222222222222222222222222222222222222222222220000000000000
000000000000000000000000000000000002222222222222222222222222222222222222222222222222222222222222222222222222222222220000002222222222222222222222222222222222222222222222200000000000000
000000000000000000000000000000000222222222222222222222222222222222222222222222222222222222222222222222222222222222222222222222222222222222222222222222222222222222222222200000000000000
000000000000000000000000000000002222222222222222222222222222222222222222222222222222222222222222222222222222222222222222222222222222222222222222222222222222222222222222000000000000000
000000000000000000000000000000022111111111111222222211111111111111111111111111111111111111111111111111111122222222222222222222222222222222222222222222222222222222222222000000000000000
000000000000000000000000000000221111111111111122222111111111111111111111111111111111111111111111111111111112222222222222222222222222222222222222222222222222222222222220000000000000000
000000000000000000000000000002211111111111111122222111111111111111111111111111111111111111111111111111111112222222222222222222222222222222222222222222222222222222222220000000000000000
000000000000000000000000000022111111111111111122222111111111111111111111111111111111111111111111111111111112222222222222222222222222222222222222222222222222222222222200000000000000000
000000000000000000000000000221111111111111111122222111111111111111111111111111111111111111111111111111111112222222222222222222222222222333222222222222222222222222222200000000000000000
000000000000000000000000002211111111111111111122222111111111111111111111111111111111111111111111111111111112222222222222222222222222222222222222222222222222222222222000000000000000000
000000000000000000000000022111111111111111111122222111111111111111111111111111111111111111111111111111111112222222244422222222222222222222222222222222222222222222222000000000000000000
000000000000000000000000221111111111111111111122222111111111111111111111111111111111111111111111111111111112222212244422222222222222222222222222222222222222222222220000000000000000000
000000000000000000000032211111111111111111111122222111111111111111111111111111111111111111111111111111111112222112244422222222222222222222222224442222222222222222220000000000000000000
000000000000000000022232211111111111111111111122222111111111111111111111111111111111111111111111111111111112222112244422222222222222222222222224444422222222222222200000000000000000000
000000000000000002222232211111111111111111111122222111111111111111111111111111111111111111111111111111111112222112244422222222222222222222222224444442222222222222000000000000000000000
000000000000003222222232211111111111111111111122222111111111111111111111111111111111111111111111111111111112222112244422222222222222222222222224444444222222222220000000000000000000000
000000000000223222222232211111111111111111111122222111111111111111111111111111111111111111111111111111111112222112244422222222222222222222222224444444222222222222000000000000000000000
000000000004223222222232211111111111111111111122222111111111111111111111111111111111111111111111111111111112222112244422222222222222222222222224444444222222222222000000000000000000000
000000000444223222222232211111111111111111111122222111111111111111111111111111111111111111111111111111111112222112244422222222222222222222222224444444222222222222000000000000000000000
000000004444222333333322211111111111111111111122222111111111111111111111111111111111111111111111111111111112222112244422222222222222222222222224444444222222222222000000000000000000000
000000044444222222222222211111111111111111111122222111111111111111111111111111111111111111111111111111111112222112244422222222222222222222222224444444222222222222000000000000000000000
000000444444222222222222211111111111111111111122222111111111111111111111111111111111111111111111111111111112222112244422222222222222222222222224444444222222222222000000000000000000000
000004444444222333333322211111111111111111111122222111111111111111111111111111111111111111111111111111111112222112244422222222222222222222222224444444222222222222000000000000000000000
000044444444223222222232211111111111111111111122222111111111111111111111111111111111111111111111111111111112222112244422222222222222222222222224444444222222222222000000000000000000000
000444444444223222222232211111111111111111111122222111111111111111111111111111111111111111111111111111111112222112244422222222222222222222222224444444222222222222000000000000000000000
000444444444223222222232221111111111111111111222222211111111111111111111111111111111111111111111111111111122222112244422222222222222222222222224444442222222222222000000000000000000000
004444444444223222222232222222222222222222222222222222222222222222222222222222222222222222222222222222222222222112244422222222222222222222222224444422222222222222000000000000000000000
004444444444223222222232222222222222222222222222222222222222222222222222222222222222222222222222222222222222222112244422222222222222222222222224442222222222222222000000000000000000000
044444444444223222222232222211111111111111111111111111111111111111111111111111111111111111111111111111111122222212244422222222222222222222222222222222222222222222000000000000000000000
044444444444222333333322222111111111111111111111111111111111111111111111111111111111111111111111111111111112222222244422222222222222222222222222222222222222222222000000000000000000000
444444444444222222222222222111111111111111111111111111111111111111111111111111111111111111111111111111111112222222222322222222222222232222222222222222222222222220000000000000000000000
444444444444222222222222222111111111111111111111111111111111111111111111111111111111111111111111111111111112222222222322222222222222232222222222222222222222222220000000000000000000000
444444444444222222222222222111111111111111111111111111111111111111111111111111111111111111111111111111111112222222222322222222222222232222222222222222222222222200000000000000000000000
444444444444222222222222222111111111111111111111111111111111111111111111111111111111111111111111111111111112222222222322222222222222232222222222222222222222222000000000000000000000000
444444444444222222222222222111111111111111111111111111111111111111111111111111111111111111111111111111111112222222222233333333333333322222222222222222222222220000000000000000000000000
444444444444222222222222222111111111111111111111111111111111111111111111111111111111111111111111111111111112222222222222222222222222222222222222222222222222200000000000000000000000000
444444444444222222222222222111111111111111111111111111111111111111111111111111111111111111111111111111111112222222244444422222222222222222222222222222222222000000000000000000000000000
444444444444222222222222222111111111111111111111111111111111111111111111111111111111111111111111111111111112222222244444422222222222222222222222222222222220000000000000000000000000000
444444444444222222222222222111111111111111111111111111111111111111111111111111111111111111111111111111111112222222444444222222222222222222222222222222222000000000000000000000000000000
444444444444222222222222222111111111111111111111111111111111111111111111111111111111111111111111111111111112222222444444222222222222222222222222222222200000000000000000000000000000000
044444444444222222222222222111111111111111111111111111111111111111111111111111111111111111111111111111111112222224444442222222222222222222222222222222000000000000000000000000000000000
044444444444222222222222222111111111111111111111111111111111111111111111111111111111111111111111111111111112222224444442222222222222222222222222222200000000000000000000000000000000000
004444444444222222222222222111111111111111111111111111111111111111111111111111111111111111111111111111111112222244444422222222222222222222222222220000000000000000000000000000000000000
004444444444222222222222222111111111111111111111111111111111111111111111111111111111111111111111111111111112222244444422222222222222222222222222000000000000000000000000000000000000000
000444444444222222222222222111111111111111111111111111111111111111111111111111111111111111111111111111111112222444444222222222222222222222222200000000000000000000000000000000000000000
000444444444222222222222222111111111111111111111111111111111111111111111111111111111111111111111111111111112222444444222222222222222222222220000000000000000000000000000000000000000000
000044444444222222222222222111111111111111111111111111111111111111111111111111111111111111111111111111111112224444442222222222222222222220000000000000000000000000000000000000000000000
000044444444222222222222222111111111111111111111111111111111111111111111111111111111111111111111111111111112244444442222222222222222220000000000000000000000000000000000000000000000000
000004444444222222222222222111111111111111111111111111111111111111111111111111111111111111111111111111111112244444422222222222222222000000000000000000000000000000000000000000000000000
000000444444222222222222222211111111111111111111111111111111111111111111111111111111111111111111111111111122444444222222222222222200000000000000000000000000000000000000000000000000000
000000044444222222222222222222222222222222222222222222222222222222222222222222222222222222222222222222222222444444222222222222200000000000000000000000000000000000000000000000000000000
000000004444222222222222222222222222222222222222222222222222222222222222222222222222222222222222222222222224444442222222222220000000000000000000000000000000000000000000000000000000000
000000000444222222222222222222222222222222222222222222222222222222222222222222222222222222222222222222222224444442222222222000000000000000000000000000000000000000000000000000000000000
000000000004222222222222222222222222222222222222222222222222222222222222222222222222222222222222222222222224444422222222222000000000000000000000000000000000000000000000000000000000000
000000000000222222222222222222222222222222222222222222222222222222222222222222222222222222222222222222222244444422222222222000000000000000000000000000000000000000000000000000000000000
000000000000000222222222222222222222333333333333332222222222222222222222222222222222222222222222222222222244444422222222220000000000000000000000000000000000000000000000000000000000000
000000000000000000222222222222222223222222222222223222222222222222222222222222222222222222222222222222222444444222222222220000000000000000000000000000000000000000000000000000000000000
000000000000000000000000000000000003222222222222223222222222222222222222222222222222222222222222222222224444444222222222220000000000000000000000000000000000000000000000000000000000000
000000000000000000000000000000000000000000000000000000000000000000000000000222222222222222222222222222224444442222222222220000000000000000000000000000000000000000000000000000000000000
000000000000000000000000000000000000000000000000000000000000000000000000000000022222222222222222222222244444422222222222220000000000000000000000000000000000000000000000000000000000000
000000000000000000000000000000000000000000000000000000000000000000000000000000000022222222222222222222444444422222222222200000000000000000000000000000000000000000000000000000000000000
000000000000000000000000000000000000000000000000000000000000000000000000000000000000000222222222222244444444222222222222200000000000000000000000000000000000000000000000000000000000000
000000000000000000000000000000000000000000000000000000000000000000000000000000000000000022222222224444444442222222222222200000000000000000000000000000000000000000000000000000000000000
000000000000000000000000000000000000000000000000000000000000000000000000000000000000000002222222444444444222222222222222200000000000000000000000000000000000000000000000000000000000000
000000000000000000000000000000000000000000000000000000000000000000000000000000000000000000044444444444422222222222222222000000000000000000000000000000000000000000000000000000000000000
000000000000000000000000000000000000000000000000000000000000000000000000000000000000000000000444444442222222222222222220000000000000000000000000000000000000000000000000000000000000000
000000000000000000000000000000000000000000000000000000000000000000000000000000000000000000000000222222222222222222222000000000000000000000000000000000000000000000000000000000000000000