000000000000000000000000000000000000000000000000000000000000000000000000000000000000000000000000000000000000000000000000000000000000000000000000000000000000003333333333333300000000000
000000000000000000000000000000000000000000000000000000000000000000000000000000000000000000000000000000000000000000000000000000000000000000000000000000000000333333333333333333300000000
000000000000000000000000000000000000000000000000000000000000000000000000000000000000000000000000000000000000000000000000000000000000000000000000000000000033333333333333333333333000000
000000000000000000000000000000000000000000000000000000000000000000000000000000000000000000000000000000000000000000000000000000000000000000000000000000000333333322222222222233333300000
000000000000000000000000000000000000000000000000000000000000000000000000000000000000000000000000000000000000000000000000000000000000000000000000000000003333332222222222222222222222200
000000000000000000000000000000000000000000000000000000000000000000000000000000000000000000000000000000000000000000000000000000000000000000000000000000033333322222222222222222222222222
000000000000000000000000000000000000000000000000000000000000000000000000000000000000000000000000000000000000000000000000000000000000000000000000000000333333332222222222222222222222222
000000000000000000000000000000000000000000000000000000000000000000000000000000000000000000000000000000000000000000000000000000000000000000000000000004444333333333333333333333333300000
000000000000000000000000000000000000000000000000000000000000000000000000000000000000000000000000000000000000000000000000000000000000000000000000000044444443333333333333333333333000000
000000000000000000000000000000000000000000000000000000000000000000000000000000000000000000000000000000000000000000000000000000000000000000000000000444444444433333333333333333333000000
000000000000000000000000000000000000000000000000000000000000000000000000000000000000000000000000000000000000000000000000000000000000000000000000003443444344443333333333333333330000000
000000000000000000000000000000000000000000000000000000000000000000000000000000000000000000000000000000000000000000000000000000000000000000000000033443344433444333333333333333330000000
000000000000000000000000000000000000000000000000000000000000000000000000000000000000000000000000000000000000000000000000000000000000000000000000333443334433344433333333333333300000000
000000000000000000000000000000000000000000000000000000000000000000000000000000000000000000000000000000000000000000000000000000000000000000000003333443333443334443333333333333300000000
000000000000000000000000000000000000000000000000000000000000000000000000000000000000000000000000000000000000000000000000000000000000000000000033333443333443333444333333333333000000000
000000000000000000000000000000000000000000000000000000000000000000000000000000000000000000000000000000000000000000000000000000000000000000000444444444444444444444333333333333000000000
000000000000000000000000000000000000000000000000000000000000000000000000000000000000000000000000000000000000000000000000000000000000000000004444444444444444444444433333333330000000000
000000000000000000000000000000000000000000000000000000000002222200000000000000000000000000000000000000000000000000000000000000000000000000044333333443333344333334433333333330000000000
000000000000000000000000000000000000000000000000000000000002222200000000000000000000000000000000000000000000000000000000000000000000000000344333333443333344333334433333333300000000000
000000000000000000000000000000000000000000000000000000000022222200000000000000000000000000000000000000000000000000000000000000000000000003344333333443333344433334433333333300000000000
000000000000000000000000000000000000000000000000000000000022222200000000000000000000000000000000000000000000000000000000000000000000000033344333333443333334433333443333333000000000000
000000000000000000000000000000000000000000000000022222222222222222222222222222222222220000000000000000000000000000000000000000000000003333344333333443333334433333443333333000000000000
000000000000000000000000000000000000000000022222222222222222222222222222222222222222222222222222222000000000000000000000000333333333444444444444444444444444444444443333330000000000000
000000000000000000000000000000000000002222222222222222222222222222222222222222222222222222222222222222222222000000000000003333333333444444444444444444444444444444443333330000000000000
000000000000000000000000000000000002222222222222222222222222222222222222222222222222222222222222222222222222222222220000003333333333443333344333333443333334433333443333300000000000000
000000000000000000000000000000000222222222222222222222222222222222222222222222222222222222222222222222222222222222222222223333333333443333344333333443333334433334443333300000000000000
000000000000000000000000000000002222222222222222222222222222222222222222222222222222222222222222222222222222222222222222222222233333443333344333333443333344333334433333000000000000000
000000000000000000000000000000022111111111111222222211111111111111111111111111111111111111111111111111111122222222222222222222222223444333344333333443333344333334433333000000000000000
000000000000000000000000000000221111111111111122222111111111111111111111111111111111111111111111111111111112222222222222222222222222222333344433333443333344333344433330000000000000000
000000000000000000000000000002211111111111111122222111111111111111111111111111111111111111111111111111111112222222222222222222222222222222244444444444444444444444333330000000000000000
000000000000000000000000000022111111111111111122222111111111111111111111111111111111111111111111111111111112222222222222222222222222222222222244444444444444444444333300000000000000000
000000000000000000000000000221111111111111111122222111111111111111111111111111111111111111111111111111111112222222222222222222222222222222222222233443333443333443333300000000000000000
000000000000000000000000002211111111111111111122222111111111111111111111111111111111111111111111111111111112222222222222222222222222222222222222222243334443334443333000000000000000000
000000000000000000000000022111111111111111111122222111111111111111111111111111111111111111111111111111111112222222222222222222222222222222222222222222234433344433333000000000000000000
000000000000000000000000221111111111111111111122222111111111111111111111111111111111111111111111111111111112222212222222222222222222222222222222222222222234444333330000000000000000000
000000000000000000000022211111111111111111111122222111111111111111111111111111111111111111111111111111111112222112222222222222222222222222222222222222222222243333330000000000000000000
000000000000000000022222211111111111111111111122222111111111111111111111111111111111111111111111111111111112222112222222222222222222222222222222222222222222222333300000000000000000000
000000000000000002222222211111111111111111111122222111111111111111111111111111111111111111111111111111111112222112222222222222222222222222222222222222222222222233000000000000000000000
000000000000002222222222211111111111111111111122222111111111111111111111111111111111111111111111111111111112222112222222222222222222222222222222222222222222222220000000000000000000000
000000000000222222222222211111111111111111111122222111111111144444111111144444111111144444111111144444111112222112222222222222222222222222222222222222222222222222000000000000000000000
000000000002222222222222211111111111111111111122222111111111444444411111444444411111444444411111444444411112222112222222222222222222222222222222222222222222222222000000000000000000000
000000000222222222222222211111111111111111111122222111111111444444411111444444411111444444411111444444411112222112222222222222222222222222222222222222222222222222000000000000000000000
000000002222222222222222211111111111111111111122222111111111444444411111444444411111444444411111444444411112222112222222222222222222222222222222222222222222222222000000000000000000000
000000022222222222222222211111111111111111111122222111111111444444411111444444411111444444411111444444411112222112222222222222222222222222222222222222222222222222000000000000000000000
000000222222222222222222211111111111111111111122222111111444441444411444441444411444441444411444441444411112222112222222222222222222222222222222222222222222222222000000000000000000000
000002222222222222222222211111111111111111111122222111111111441111111111441111111111441111111111441111111112222112222222222222222222222222222222222222222222222222000000000000000000000
000022222222222222222222211111111111111111111122222111114444444444414444444444414444444444414444444444411112222112222222222222222222222222222222222222222222222222000000000000000000000
000222222222222222222222211111111111111111111122222111111444444444111444444444111444444444111444444444111112222112222222222222222222222222222222222222222222222222000000000000000000000
000222222222222222222222221111111111111111111222222211111111111111111111111111111111111111111111111111111122222112222222222222222222222222222222222222222222222222000000000000000000000
002222222222222222222222222222222222222222222222222222222222222222222222222222222222222222222222222222222222222112222222222222222222222222222222222222222222222222000000000000000000000
002222222222222222222222222222222222222222222222222222222222222222222222222222222222222222222222222222222222222112222222222222222222222222222222222222222222222222000000000000000000000
022222222222222222222222222211111111111111111111111111111111111111111111111111111111111111111111111111111122222212222222222222222222222222222222222222222222222222000000000000000000000
022222222222222222222222222111111111111111111111111111111111111111111111111111111111111111111111111111111112222222222222222222222222222222222222222222222222222222000000000000000000000
222222222222222222222222222111111111111111111111111111111111111111111111111111111111111111111111111111111112222222222222222222222222222222222222222222222222222220000000000000000000000
222222222222222222222222222111111111111111111111111111111111111111111111111111111111111111111111111111111112222222222222222222222222222222222222222222222222222220000000000000000000000
222222222222222222222222222111111111111111111111111111111111111111111111111111111111111111111111111111111112222222222222222222222222222222222222222222222222222200000000000000000000000
222222222222222222222222222111111111111111111111111111111111111111111111111111111111111111111111111111111112222222222222222222222222222222222222222222222222222000000000000000000000000
222222222222222222222222222111111111111111111111111111111111111111111111111111111111111111111111111111111112222222222222222222222222222222222222222222222222220000000000000000000000000
222222222222222222222222222111111111111111111111111111111111111111111111111111111111111111111111111111111112222222222222222222222222222222222222222222222222200000000000000000000000000
222222222222222222222222222111111111111111111111111111111111111111111111111111111111111111111111111111111112222222222222222222222222222222222222222222222222000000000000000000000000000
222222222222222222222222222111111111111111111111111111111111111111111111111111111111111111111111111111111112222222222222222222222222222222222222222222222220000000000000000000000000000
222222222222222222222222222111111111111111111111111111111111111111111111111111111111111111111111111111111112222222222222222222222222222222222222222222222000000000000000000000000000000
222222222222222222222222222111111111111111111111111111111111111111111111111111111111111111111111111111111112222222222222222222222222222222222222222222200000000000000000000000000000000
022222222222222222222222222111111111111111111111111111111111111111111111111111111111111111111111111111111112222222222222222222222222222222222222222222000000000000000000000000000000000
022222222222222222222222222111111111111111111111111111111111111111111111111111111111111111111111111111111112222222222222222222222222222222222222222200000000000000000000000000000000000
002222222222222222222222222111111111111111111111111111111111111111111111111111111111111111111111111111111112222222222222222222222222222222222222220000000000000000000000000000000000000
002222222222222222222222222111111111111111111111111111111111111111111111111111111111111111111111111111111112222222222222222222222222222222222222000000000000000000000000000000000000000
000222222222222222222222222111111111111111111111111111111111111111111111111111111111111111111111111111111112222222222222222222222222222222222200000000000000000000000000000000000000000
000222222222222222222222222111111111111111111111111111111111111111111111111111111111111111111111111111111112222222222222222222222222222222220000000000000000000000000000000000000000000
000022222222222222222222222111111111111111111111111111111111111111111111111111111111111111111111111111111112222222222222222222222222222220000000000000000000000000000000000000000000000
000022222222222222222222222111111111111111111111111111111111111111111111111111111111111111111111111111111112222222222222222222222222220000000000000000000000000000000000000000000000000
000002222222222222222222222111111111111111111111111111111111111111111111111111111111111111111111111111111112222222222222222222222222000000000000000000000000000000000000000000000000000
000000222222222222222222222211111111111111111111111111111111111111111111111111111111111111111111111111111122222222222222222222222200000000000000000000000000000000000000000000000000000
000000022222222222222222222222222222222222222222222222222222222222222222222222222222222222222222222222222222222222222222222222200000000000000000000000000000000000000000000000000000000
000000002222222222222222222222222222222222222222222222222222222222222222222222222222222222222222222222222222222222222222222220000000000000000000000000000000000000000000000000000000000
000000000222222222222222222222222222222222222222222222222222222222222222222222222222222222222222222222222222222222222222222000000000000000000000000000000000000000000000000000000000000
000000000002222222222222222222222222222222222222222222222222222222222222222222222222222222222222222222222222222222222222222000000000000000000000000000000000000000000000000000000000000
000000000000222222222222222222222222222222222222222222222222222222222222222222222222222222222222222222222222222222222222222000000000000000000000000000000000000000000000000000000000000
000000000000000222222222222222222222222222222222222222222222222222222222222222222222222222222222222222222222222222222222220000000000000000000000000000000000000000000000000000000000000
000000000000000000222222222222222222222222222222222222222222222222222222222222222222222222222222222222222222222222222222220000000000000000000000000000000000000000000000000000000000000
000000000000000000000000000000000002222222222222222222222222222222222222222222222222222222222222222222222222222222222222220000000000000000000000000000000000000000000000000000000000000
000000000000000000000000000000000000000000000000000000000000000000000000000222222222222222222222222222222222222222222222220000000000000000000000000000000000000000000000000000000000000
000000000000000000000000000000000000000000000000000000000000000000000000000000022222222222222222222222222222222222222222220000000000000000000000000000000000000000000000000000000000000
000000000000000000000000000000000000000000000000000000000000000000000000000000000022222222222222222222222222222222222222200000000000000000000000000000000000000000000000000000000000000
000000000000000000000000000000000000000000000000000000000000000000000000000000000000000222222222222222222222222222222222200000000000000000000000000000000000000000000000000000000000000
000000000000000000000000000000000000000000000000000000000000000000000000000000000000000022222222222222222222222222222222200000000000000000000000000000000000000000000000000000000000000
000000000000000000000000000000000000000000000000000000000000000000000000000000000000000002222222222222222222222222222222200000000000000000000000000000000000000000000000000000000000000
000000000000000000000000000000000000000000000000000000000000000000000000000000000000000000022222222222222222222222222222000000000000000000000000000000000000000000000000000000000000000
000000000000000000000000000000000000000000000000000000000000000000000000000000000000000000000222222222222222222222222220000000000000000000000000000000000000000000000000000000000000000
000000000000000000000000000000000000000000000000000000000000000000000000000000000000000000000000222222222222222222222000000000000000000000000000000000000000000000000000000000000000000