000000000000000000000000000000000000000000000000000000000000000000000000000000000000000000000000000000000000000000000000000000000000000000000000000000000000004444444444444400000000000
000000000000000000000000000000000000000000000000000000000000000000000000000000000000000000000000000000000000000000000000000000000000000000000000000000000000444444444444444444400000000
000000000000000000000000000000000000000000000000000000000000000000000000000000000000000000000000000000000000000000000000000000000000000000000000000000000044444444444444444444444000000
000000000000000000000000000000000000000000000000000000000000000000000000000000000000000000000000000000000000000000000000000000000000000000000000000000000444444422222222222244444400000
000000000000000000000000000000000000000000000000000000000000000000000000000000000000000000000000000000000000000000000000000000000000000000000000000000004444442222222222222222222222200
000000000000000000000000000000000000000000000000000000000000000000000000000000000000000000000000000000000000000000000000000000000000000000000000000000044444422222222222222222222222222
000000000000000000000000000000000000000000000000000000000000000000000000000000000000000000000000000000000000000000000000000000000000000000000000000000444444442222222222222222222222222
000000000000000000000000000000000000000000000000000000000000000000000000000000000000000000000000000000000000000000000000000000000000000000000000000004444444444444444444444444444400000
000000000000000000000000000000000000000000000000000000000000000000000000000000000000000000000000000000000000000000000000000000000000000000000000000044444444444444444444444444444000000
000000000000000000000000000000000000000000000000000000000000000000000000000000000000000000000000000000000000000000000000000000000000000000000000000444444444444444444444444444444000000
000000000000000000000000000000000000000000000000000000000000000000000000000000000000000000000000000000000000000000000000000000000000000000000000004444444444444444444444444444440000000
000000000000000000000000000000000000000000000000000000000000000000000000000000000000000000000000000000000000000000000000000000000000000000000000044444444444444444444444444444440000000
000000000000000000000000000000000000000000000000000000000000000000000000000000000000000000000000000000000000000000000000000000000000000000000000444444444444444444444444444444400000000
000000000000000000000000000000000000000000000000000000000000000000000000000000000000000000000000000000000000000000000000000000000000000000000004444444444444444444444444444444400000000
000000000000000000000000000000000000000000000000000000000000000000000000000000000000000000000000000000000000000000000000000000000000000000000044444444444444444444444444444444000000000
000000000000000000000000000000000000000000000000000000000000000000000000000000000000000000000000000000000000000000000000000000000000000000000444444444444444444444444444444444000000000
000000000000000000000000000000000000000000000000000000000000000000000000000000000000000000000000000000000000000000000000000000000000000000004444444444444444444444444444444440000000000
000000000000000000000000000000000000000000000000000000000002222200000000000000000000000000000000000000000000000000000000000000000000000000044444444444444444444444444444444440000000000
000000000000000000000000000000000000000000000000000000000002222200000000000000000000000000000000000000000000000000000000000000000000000000444444444444444444444444444444444400000000000
000000000000000000000000000000000000000000000000000000000022222200000000000000000000000000000000000000000000000000000000000000000000000004444444444444444444444444444444444400000000000
000000000000000000000000000000000000000000000000000000000022222200000000000000000000000000000000000000000000000000000000000000000000000044444444444444444444444444444444444000000000000
000000000000000000000000000000000000000000000000022222222222222222222222222222222222220000000000000000000000000000000000000000000000004444444444444444444444444444444444444000000000000
000000000000000000000000000000000000000000022222222222222222222222222222222222222222222222222222222000000000000000000000000222222222244444444444444444444444444444444444440000000000000
000000000000000000000000000000000000002222222222222222222222222222222222222222222222222222222222222222222222000000000000002222222222444444444444444444444444444444444444440000000000000
000000000000000000000000000000000002222222222222222222222222222222222222222222222222222222222222222222222222222222220000002222222224444444444444444444444444444444444444400000000000000
000000000000000000000000000000000222222222222222222222222222222222222222222222222222222222222222222222222222222222222222222222222244444444444444444444444444444444444444400000000000000
000000000000000000000000000000002222222222222222222222222222222222222222222222222222222222222222222222222222222222222222222222222444444444444444444444444444444444444444000000000000000
000000000000000000000000000000022111111111111222222211111111111111111111111111111111111111111111111111111122222222222222222222224444444444444444444444444444444444444444000000000000000
000000000000000000000000000000221111111111111122222111111111111111111111111111111111111111111111111111111112222222222222222222244444444444444444444444444444444444444440000000000000000
000000000000000000000000000002211111111111111122222111111111111111111111111111111111111111111111111111111112222222222222222222444444444444444444444444444444444444444440000000000000000
000000000000000000000000000022111111111111111122222111111111111111111111111111111111111111111111111111111112222222222222222224444444444444444444444444444444444444444400000000000000000
000000000000000000000000000221111111111111111122222111111111111111111111111111111111111111111111111111111112222222222222222244444444444444444444444444444444444444444400000000000000000
000000000000000000000000002211111111111111111122222111111111111111111111111111111111111111111111111111111112222222222222222444444444444444444444444444444444444444444000000000000000000
000000000000000000000000022111111111111111111122222111111111111111111111111111111111111111111111111111111112222222222222222222222222222244444444444444444444444444444000000000000000000
000000000000000000000000221111111111111111111122222111111111111111111111111111111111111111111111111111111112222212222222222222222222222222222224444444444444444444440000000000000000000
000000000000000000000022211111111111111111111122222111111111111111111111111111111111111111111111111111111112222112222222222222222222222222222222224444444444444444440000000000000000000
000000000000000000022222211111111111111111111122222111111111111111111111111111111111111111111111111111111112222112222222222222222222222222222222222244444444444444400000000000000000000
000000000000000002222222211111111111111111111122222111111111111111111111111111111111111111111111111111111112222112222222222222222222222222222222222224444444444444000000000000000000000
000000000000002222222222211111111111111111111122222111111111111111111111111111111111111111111111111111111112222112222222222222222222222222222222222222444444444440000000000000000000000
000000000000222222222222211111111111111111111122222111111111144444111111144444111111144444111111144444111112222112222222222222222222222222222222222222444444444444000000000000000000000
000000000002222222222222211111111111111111111122222111111111444444411111444444411111444444411111444444411112222112222222222222222222222222222222222222444444444444000000000000000000000
000000000222222222222222211111111111111111111122222111111111444444411111444444411111444444411111444444411112222112222222222222222222222222222222222222444444444444000000000000000000000
000000002222222222222222211111111111111111111122222111111111444444411111444444411111444444411111444444411112222112222222222222222222222222222222222222444444444444000000000000000000000
000000022222222222222222211111111111111111111122222111111111444444411111444444411111444444411111444444411112222112222222222222222222222222222222222222444444444444000000000000000000000
000000222222222222222222211111111111111111111122222111111444441444411444441444411444441444411444441444411112222112222222222222222222222222222222222222444444444444000000000000000000000
000002222444444444444444411111111111111111111144444111111111441111111111441111111111441111111111441111111114444112222222222222222222222222222222222222444444444444000000000000000000000
000022244444444444444444411111111111111111111144444111114444444444414444444444414444444444414444444444411114444112222222222222222222222222222222222222444444444444000000000000000000000
000224444444444444444444411111111111111111111144444111111444444444111444444444111444444444111444444444111114444112222222222222222222222222222222222222444444444444000000000000000000000
000444442222222222222222221111111111111111111222222211111111111111111111111111111111111111111111111111111122222112222222222222222222222222222222222222222222222222000000000000000000000
004444222222222222222222222222222222222222222222222222222222222222222222222222222222222222222222222222222222222112222222222222222222222222222222222222222222222222000000000000000000000
004442222222222222222222222222222222222222222222222222222222222222222222222222222222222222222222222222222222222112222222222222222222222222222222222222222222222222000000000000000000000
044333333333333333333333333311111111111111111111111111111111111111111111111111111111111111111111111111111133333312222222222222222222222222222223333333333333333333000000000000000000000
043333333333333333333333333111111111111111111111111111111111111111111111111111111111111111111111111111111113333333222222222222222222222233333333333333333333333333000000000000000000000
333333333333333333333333333111111111111111111111111111111111111111111111111111111111111111111111111111111113333333333333333333333333333333333333333333333333333330000000000000000000000
333333333333333333333333333111111111111111111111111111111111111111111111111111111111111111111111111111111113333333333333333333333333333333333333333333333333333330000000000000000000000
222222222222222222222222222111111111111111111111111111111111111111111111111111111111111111111111111111111112222222222222222222222222222222222222222222222222222200000000000000000000000
222222222222222222222222222111111111111111111111111111111111111111111111111111111111111111111111111111111112222222222222222222222222222222222222222222222222222000000000000000000000000
222222222222222222222222222111111111111111111111111111111111111111111111111111111111111111111111111111111112222222222222222222222222222222222222222222222222220000000000000000000000000
222222222222222222222222222111111111111111111111111111111111111111111111111111111111111111111111111111111112222222222222222222222222222222222222222222222222200000000000000000000000000
222222222222222222222222222111111111111111111111111111111111111111111111111111111111111111111111111111111112222222244444444444222222222222222222222222222222000000000000000000000000000
222222222222222222222222222111111111111111111111111111111111111111111111111111111111111111111111111111111112222222244444444444222222222222222222222222222220000000000000000000000000000
222222222222222222222222222111111111111111111111111111111111111111111111111111111111111111111111111111111112222222444444444444222222222222222222222222222000000000000000000000000000000
222222222222222222222222222111111111111111111111111111111111111111111111111111111111111111111111111111111112222222444444444442222222222222222222222222200000000000000000000000000000000
022222222222222222222222222111111111144444111111144444111111144444111111144444111111144444111111144444111112222224444444444442222222222222222222222222000000000000000000000000000000000
022222222222222222222222222111111111444444411111444444411111444444411111444444411111444444411111444444411112222224444444444442222222222222222222222200000000000000000000000000000000000
002222222222222222222222222111111111444444411111444444411111444444411111444444411111444444411111444444411112222244444444444442222222222222222222220000000000000000000000000000000000000
002222222222222222222222222111111111444444411111444444411111444444411111444444411111444444411111444444411112222244444444444442222222222222222222000000000000000000000000000000000000000
000222222222222222222222222111111111444444411111444444411111444444411111444444411111444444411111444444411112222444444444444422222222222222222200000000000000000000000000000000000000000
000222222222222222222222222111111444441444411444441444411444441444411444441444411444441444411444441444411112222444444444444422222222222222220000000000000000000000000000000000000000000
000022222222222222222222222111111111441111111111441111111111441111111111441111111111441111111111441111111112224444444444444422222222222220000000000000000000000000000000000000000000000
000022222222222222222222222111114444444444414444444444414444444444414444444444414444444444414444444444411112244444444444444422222222220000000000000000000000000000000000000000000000000
000002222222222222222222222111111444444444111444444444111444444444111444444444111444444444111444444444111112222222222222222222222222000000000000000000000000000000000000000000000000000
000000222222222222222222222211111111111111111111111111111111111111111111111111111111111111111111111111111122222222222222222222222200000000000000000000000000000000000000000000000000000
000000022222222222222222222222222222222222222222222222222222222222222222222222222222222222222222222222222222222222222222222222200000000000000000000000000000000000000000000000000000000
000000002222222222222222222222222222222222222222222222222222222222222222222222222222222222222222222222222222222222222222222220000000000000000000000000000000000000000000000000000000000
000000000222222222222222222222222222222222222222222222222222222222222222222222222222222222222222222222222222222222222222222000000000000000000000000000000000000000000000000000000000000
000000000002222222222222222222222222222222222222222222222222222222222222222222222222222222222222222222222222222222222222222000000000000000000000000000000000000000000000000000000000000
000000000000222222222222222222222222222222222222222222222222222222222222222222222222222222222222222222222222222222222222222000000000000000000000000000000000000000000000000000000000000
000000000000000222222222222222222222222222222222222222222222222222222222222222222222222222222222222222222222222222222222220000000000000000000000000000000000000000000000000000000000000
000000000000000000222222222222222222222222222222222222222222222222222222222222222222222222222222222222222222222222222222220000000000000000000000000000000000000000000000000000000000000
000000000000000000000000000000000002222222222222222222222222222222222222222222222222222222222222222222222222222222222222220000000000000000000000000000000000000000000000000000000000000
000000000000000000000000000000000000000000000000000000000000000000000000000222222222222222222222222222222222222222222222220000000000000000000000000000000000000000000000000000000000000
000000000000000000000000000000000000000000000000000000000000000000000000000000022222222222222222222222222222222222222222220000000000000000000000000000000000000000000000000000000000000
000000000000000000000000000000000000000000000000000000000000000000000000000000000022222222222222222222222222222222222222200000000000000000000000000000000000000000000000000000000000000
000000000000000000000000000000000000000000000000000000000000000000000000000000000000000222222222222222222222222222222222200000000000000000000000000000000000000000000000000000000000000
000000000000000000000000000000000000000000000000000000000000000000000000000000000000000022222222222222222222222222222222200000000000000000000000000000000000000000000000000000000000000
000000000000000000000000000000000000000000000000000000000000000000000000000000000000000002222222222222222222222222222222200000000000000000000000000000000000000000000000000000000000000
000000000000000000000000000000000000000000000000000000000000000000000000000000000000000000022222222222222222222222222222000000000000000000000000000000000000000000000000000000000000000
000000000000000000000000000000000000000000000000000000000000000000000000000000000000000000000222222222222222222222222220000000000000000000000000000000000000000000000000000000000000000
000000000000000000000000000000000000000000000000000000000000000000000000000000000000000000000000222222222222222222222000000000000000000000000000000000000000000000000000000000000000000