0000000000000000000000000000000000000000000000000000000000000000000000000000000000000000000000000000000000000000000000000022222222222222000
0000000000000000000000000000000000000000000000000000000000000000000000000000000000000000000000000000000000000000000000000222222222222222200
0000000000000000000000000000000000000000000000000000000000000000000000000000000000000000000000000000000000000000000000002222333333333333330
0000000000000000000000000000000000000000000000000000000000000000000000000000000000000000000000000000000000000000000000022223333333333333333
0000000000000000000000000000000000000000000000000000000000000000000000000000000000000000000000000000000000000000000000222233333333333333330
0000000000000000000000000000000000000000000000000000000000000000000000000000000000000000000000000000000000000000000002222333333333333333300
0000000000000000000000000000000000000000000000000000000000000000000000000000000000000000000000000000000000000000000022223333333333333333000
0000000000000000000000000000000000000000000000000000000000000000000000000000000000000000000000000000000000000000000222233333333333333330000
0000000000000000000000000000000000000000000000000000000000000000000122222222222222222222222000000000000000000000002222333333333333333300000
0000000000000000000000000000000000000000000000000000000000000000001122222222222222222222222222222222222000000000022223333333333333333000000
0000000000000000000000000000000000000000000000000000000000000000001122222222222222222222222222222222222222220000222233333333333333330000000
0000000000000000000000000002222222222222222222220000000000000000001122222222222222222222222222222222222222222222222333333333333333300000000
0000000000000000000000002222222222222222222222222220000000000000001122222222222222222222222222222222222222222222223333333333333333000000000
0000000000000000000000222222222222222222222222222222200000000000001122222222222222222222222222222222222222222222233333333333333330000000000
0000000000000000000022222222222222222222222222222222222000000000001122222222222222222222222222222222222222222222333333333333333300000000000
0000000000000000002222222211111111111111111111111122222220000000001122222222222222222222221111111111112222222223333333333333333000000000000
0000000000000000022222222211111111111111111111111122222222200000001122222222222222222222221111111111112222222233333333333333330000000000000
0000000000000000222222222211111111111111111111111122222222222000001122222222222222222222221111111111112222222333333333333333322000000000000
0000000000000002222222222211111111111111111111111122222222222220001122222222222222222222221111111111112222223333333333333333222200000000000
0000000000000022222222222211111111111111111111111122222222222222221122222222222222222222221111111111112222233333333333333332222220000000000
0000000000000022222222222211111111111111111111111122222222222222221122222222222222222222221111111111112222333333333333333322222210000000000
0000000000000222222222222211111111111111111111111122222222222222222122222222222222222222221111111111112223333333333333333222222110000000000
0000000000000222222222222211111111111111111111111122222222222222222222222222222222222222221111111111112233333333333333332222221110000000000
0000000000002222222222222211111111111111111111111122222222222222222222222222222222222222221111111111112233333333333333322222211110000000000
0000000000002222222222222211111111111111111111111122222222222222222222222222222222222222221111111111112223333333333333222222111110000000000
0000000000022222222222222211111111111111111111111122222222222222222222222222222222222222221111111111112222333333333332222222111110000000000
0000000000022222222222222211111111111111111111111122222222222222222222222222222222222222221111111111112222222222222222222222111110000000000
0000000000222222222222222211111111111111111111111122222222222222222222222222222222222222221111111111112222222222222222222222111110000000000
1111111111333333333333333311111111111111111111111133333333333333333333333333333333333333331111111111113333333333333333333333311110000000000
0000000000033333333333333311111111111111111111111133333333333333333333333333333333333333331111111111113333333333333333333333331110000000000
0000000000003333333333333311111111111111111111111133333333333333333333333333333333333333331111111111113333333333333333333333333110000000000
0000000000003333333333333311111111111111111111111133333333333333333333333333333333333333331111111111113333333333333333333333333310000000000
0000000000000333333333333311111111111111111111111133333333333332222222222222222222333333331111111111113333333333333333333333333330000000000
0000000000000033333333333311111111111111111111111133333333322222222222222222222222222333331111111111113333333333333333333333333000000000000
0000000000000003333333333311111111111111111111111133333222222222222222222222222222222222331111111111113333333333333333333333330000000000000
0000000000000000033333333311111111111111111111111133332222222222222222222222222222222222231111111111113333333333333333333333000000000000000
0000000000000000003333333311111111111111111111111133332222222222222222222222222222222222231111111111113333333333333333333000000000000000000
0000000000000000000033333333333333333333333333333333333322222222222222222222222222222222233333333333333333333333333333300000000000000000000
0000000000000000000000033333333333333333333333333333333333222222222222222222222222222222223333333333333333333333333000000000000000000000000
0000000000000000000000000033333333333333333333333333333333332222222222222222222222222222223333333333333333333330000000000000000000000000000
0000000000000000000000000000003333333333333333333333333333333322222222222222222222222222222333333333333333000000000000000000000000000000000
0000000000000000000000000000000000000000000000000000000000000000222222222222222222222222222000000000000000000000000000000000000000000000000
0000000000000000000000000000000000000000000000000000000000000000002222222222222222222222222000000000000000000000000000000000000000000000000
0000000000000000000000000000000000000000000000000000000000000000000022222222222222222222222200000000000000000000000000000000000000000000000
0000000000000000000000000000000000000000000000000000000000000000000000222222222222222222222200000000000000000000000000000000000000000000000
0000000000000000000000000000000000000000000000000000000000000000000000002222222222222222222200000000000000000000000000000000000000000000000
0000000000000000000000000000000000000000000000000000000000000000000000000022222222222222222200000000000000000000000000000000000000000000000
0000000000000000000000000000000000000000000000000000000000000000000000000000222222222222200000000000000000000000000000000000000000000000000