000000000000000000000000000000000000000000000000000000000000000000000000000000000000000000000000000000000000000000000000000000000000000000
000000000000000000000000000000000000000000000000000000000000000000000000000000000000000000000000000000000000000000000000222200000000000000
000000000000000000000000000000000000000000000000000000000000000000000000000000000000000000000000000000000000000000000222222222000000000000
000000000000000000000000000000000000000000000000000000000000000000000000000000000000000000000000000000000000000000002222222222200000000000
000000000000000000000000000000000000000000000000000000000000000000000000000000000000000000000000000000000000000000022222222222220000000000
000000000000000000000000000000000000000000000000000000000000000000000000000000000000000000000000000000000000000000022222222222222000000000
000000000000000000000000000000000000000000000000000000000000000000000000000000000000000000000000000000000000000000222222222222222000000000
000000000000000000000000000000000000000000000000000000000000000000000000000000000000000000000000000000000000000002222222222222222000000000
000000000000000000000000000000000000000000000000000000000000000000000000000000000000000000000000000000000000000002222222222222222200000000
000000000000000000000000000000000000000000000000000000000000000000000000000000000000000000000000000000000000000022222222222222222200000000
000000000000000000000000000000000000000000000000000000000000000000000000000000000000000000000000000000000000000022222222222222222200000000
000000000000000000000000000000000000000000000000000000000000000000000000000000000000000000000000000000000000000222222222222222222200000000
000000000000000000000000000000000000000000000000000000000000000000000000000000000000000000000000000000000000000222222222222222222200000000
000000000000000000000000000000000000000000000000000000000000000000000000000000000000000000000000000000000000003333333333333333333330000000
000000000000000000000000000000000033333333333333333333000000000000000000000000000000000000000000000000000000004444444444444444444440000000
000000000000000000000000002200000333333333333333333333333333333333300000000000000000000000000000000000000000033333333333333333333330000000
000000000000000000000000222222223333333333333333333333333333333333333000000001100000000000000000000000000000333333333333333333333330000000
000000000000000000000000022222223333333333333333333333333333333333333300000002200000000000000000000000000004444444444444444444444440000000
000000000000000000000000000000000333333333333333333333333333333333333000000002220000000000000000000000000033333333333333333333333330000000
000000000000000000000000000000000223333333222222333333333333333333322222222222222000000000000000000000000222222222222222222222222220000000
000000000000000000000000000000002222222222222222222222222222222222222222222222222200000000000000022222222222222222222222222222222222000000
000000000000000000000000000000011111111111122222211111111111111111111111111111122222222222222222222222222222222222222222222222222222000000
000000000000000000000000000000111111111111112222111111111111111111111111111111112222222222222222222222222222222222222222222222222222000000
000000000000000000000000000001111111111111112222111111111111111111111111111111112222222222222222222222222222222222222222222222222222000000
000000000000000000000000000011111111111111112222111111111111111111111111111111112222222222222222222222222222222222222222222222222222000000
000000000000000000000000000111111111111111112222111111111111111111111111111111112222222222222222222222222222222222222222222222222222000000
000000000000000000000000001111111111111111112222111111111111111111111111111111112222222222222222222222222222222222222222222222222222000000
000000000000000000000000011111111111111111112222111111111111111111111111111111112222222222222222222222222222222222222222222222222222000000
000000000000000000000000111111111111111111112222111111111111111111111111111111112222222222222222222222222222222222222222222222222222000000
000000000003334300022221111111111111111111112222111111111111111111111111111111112222222222222222222222222222222222222233333333333333310000
000000033333334322222221111111111111111111112222111111111111111111111111111111112222222222222222222222222222222222222333333333333333331100
000000333333334332222221111111111111111111112222111111111111111111111111111111112222222222222222222222222222222222222233333333333333332220
000003333333333433222221111111111111111111112222111111111111111111111111111111112222222222222222222222222222222222222222222222222222222222
000003333333333343333331111111111111111111113223111111111144444111111111111111113333333333333333333333333333333333333333333333333333333333
000003333333333334444441111111111111111111114224111111111444444411111111111111114444444444444444444444444444444444444444444444444444444444
000003333333333333333331111111111111111111113223111111111444444411111111111111113333333333333333333333333333333333333333333333333333333330
000003333333333333333331111111111111111111113223111111111444444411111111111111113333333333333333333333333333333333333333333333333333333300
001113333333333334444441111111111111111111114224111111111444444411111111111111114444444444444444444444444444444444444444444444444444440000
011113333333333343333331111111111111111111113223111111444441444411111111111111113333333333333333333333333333333333333333333333333333000000
111113333333333433222221111111111111111111112222111111111441111111111111111111112222222222222222222222222222222222222222222222210000000000
011113333333334332222221111111111111111111112222111114444444444411111111111111112222222222222222222222222222222222222222221100110000000000
001113333333334322222221111111111111111111112222111111444444444111111111111111112222222222222222222222222222222222222000000110110000000000
000003333333334322222222111111111111111111122222211111111111111111111111111111122222222222222222222222222222222200000000000011110000000000
000003333333334322222222222222222222222222222222222222222222222222222222222222222222222222222222222222222220000000000000000001110000000000
000003333333334322222222222222222222222222222222222222222222222222222222222222222222222222222222222222000000000000000000000000111100000000
000003333333334322222222222222222222222222222222222222222222222222222222222222222222222222222222200000000000000000000000000000011110000000
000003333333334322222222222222222222222222222222222222222222222222222222222222222222222222220000000000000000000000000000000000111111000000
000000333333334322222222222222222222222222222222222222222222222222222222222222222222222000000000000000000000000000000000000000111111000000
000000033333334322222222222222222222222222222222222222222222222222222222222222222200000000000000000000000000000000000000000000011110000000
000000000003334300022222222222222222222222222222222222222222222222222222222220000000000000000000000000000000000000000000000000001100000000
000000000000000000000000000022222222222222222222222220000200002000000000000000000000000000000000000000000000000000000000000000000000000000
000000000000000000000000000022222222222222220000000000000022220000000000000000000000000000000000000000000000000000000000000000000000000000
000000000000000000000000000022222222222222200000000000000000000000000000000000000000000000000000000000000000000000000000000000000000000000
000000000000000000000000000111112222222222000000000000000000000000000000000000000000000000000000000000000000000000000000000000000000000000
000000000000000000000000011111111122111220000000000000000000000000000000000000000000000000000000000000000000000000000000000000000000000000
000000000000000000000000111111111111111100000000000000000000000000000000000000000000000000000000000000000000000000000000000000000000000000
000000000000000000000000111111111111111100000000000000000000000000000000000000000000000000000000000000000000000000000000000000000000000000
000000000000000000000001111111111111111110000000000000000000000000000000000000000000000000000000000000000000000000000000000000000000000000
000000000000000000000001111111111111111110000000000000000000000000000000000000000000000000000000000000000000000000000000000000000000000000
000000000000000000000001111111111111111110000000000000000000000000000000000000000000000000000000000000000000000000000000000000000000000000
000000000000000000000001111111111111111110000000000000000000000000000000000000000000000000000000000000000000000000000000000000000000000000
000000000000000000000001111111111111111110000000000000000000000000000000000000000000000000000000000000000000000000000000000000000000000000
000000000000000000000000111111111111111100000000000000000000000000000000000000000000000000000000000000000000000000000000000000000000000000
000000000000000000000000111111111111111100000000000000000000000000000000000000000000000000000000000000000000000000000000000000000000000000
000000000000000000000000011111111111111000000000000000000000000000000000000000000000000000000000000000000000000000000000000000000000000000
000000000000000000000000000111111111100000000000000000000000000000000000000000000000000000000000000000000000000000000000000000000000000000