000000000000000000000000000000000000000000000000000000000000000000000000000000000000000000000000000000000000000000000000000000000000000000
000000000000000000000000000000000000000000000000000000000000000000000000000000000000000000000000000000000000000000000000333300000000000000
000000000000000000000000000000000000000000000000000000000000000000000000000000000000000000000000000000000000000000000333333333000000000000
000000000000000000000000000000000000000000000000000000000000000000000000000000000000000000000000000000000000000000003333333333300000000000
000000000000000000000000000000000000000000000000000000000000000000000000000000000000000000000000000000000000000000033333333333330000000000
000000000000000000000000000000000000000000000000000000000000000000000000000000000000000000000000000000000000000000033333333333333000000000
000000000000000000000000000000000000000000000000000000000000000000000000000000000000000000000000000000000000000000333333333333333000000000
000000000000000000000000000000000000000000000000000000000000000000000000000000000000000000000000000000000000000003333333333333333000000000
000000000000000000000000000000000000000000000000000000000000000000000000000000000000000000000000000000000000000002222222333333333300000000
000000000000000000000000000000000000000000000000000000000000000000000000000000000000000000000000000000000000000022222222333333333300000000
000000000000000000000000000000000000000000000000000000000000000000000000000000000000000000000000000000000000000022222222333333333300000000
000000000000000000000000000000000000000000000000000000000000000000000000000000000000000000000000000000000000000222222222333333333300000000
000000000000000000000000000000000000000000000000000000000000000000000000000000000000000000000000000000000000000222222222333333333300000000
000000000000000000000000000000000000000000000000000000000000000000000000000000000000000000000000000000000000002222222222333333333330000000
000000000000000000000000000000000033333333333333333333000000000000000000000000000000000000000000000000000000002222222222333333333330000000
000000000000000000000000002200000333333333333333333333333333333333300000000000000000000000000000000000000000022222222222333333333330000000
000000000000000000000000222222223333333333333333333333333333333333333000000001100000000000000000000000000000222222222222333333333330000000
000000000000000000000000022222223333333333333333333333333333333333333300000002200000000000000000000000000002222222222222333333333330000000
000000000000000000000000000000000333333333333333333333333333333333333000000002220000000000000000000000000022222222222222333333333330000000
000000000000000000000000000000000223333333222222333333333333333333322222222222222000000000000000000000000222222222222222333333333330000000
000000000000000000000000000000002222222222222222222222222222222222222222222222222200000000000000022222222222222222222222333333333333000000
000000000000000000000000000000011111111111122222211111111111111111111111111111122222222222222222222222222222222222222222333333333333000000
000000000000000000000000000000111111111111112222111111111111111111111111111111112222222222222222222222222222222222222222333333333333000000
000000000000000000000000000001111111111111112222111111111111111111111111111111112222222222222222222222222222222222222222333333333333000000
000000000000000000000000000011111111111111112222111111111111111111111111111111112222222222222222222222222222222222222222333333333333000000
000000000000000000000000000111111111111111112222111111111111111111111111111111112222222222222222222222222222222222222222333333333333000000
000000000000000000000000001111111111111111112222111111111111111111111111111111112222222222222222222222222222222222222222333333333333000000
000000000000000000000000011111111111111111112222111111111111111111111111111111112222222222222222222222222222222222222222333333333333000000
000000000000000000000000111111111111111111112222111111111111111111111111111111112222222222222222222222222222222222222222223333333333000000
000000000002222200022221111111111111111111112222111111111111111111111111111111112222222222222222222222222222222222222233333333333333310000
000000022222222222222221111111111111111111112222111111111111111111111111111111112222222222222222222222222222222222222333333333333333331100
000000322222222222222221111111111111111111112222111111111111111111111111111111112222222222222222222222222222222222222233333333333333332220
000003322222222222222221111111111111111111112222111111111111111111111111111111112222222222222222222222222222222222222222222222222222222222
000003322222222222222221111111111111111111112222111111111111111111111111111111112222222222222222222222222222222222222222222222222222222222
000003322222222222222221111111111111111111112222111111111111111111111111111111112222222222222222222222222222222222222222222222222222222222
000003322222222222222221111111111111111111112222111111111111111111111111111111112222222222222222222222222222222222222222222222222222222220
000003322222222222222221111111111111111111112222111111111111111111111111111111112222222444422222222222222222222222222222222222222222222200
001113322222222222222221111111111111111111112222111111111111111111111111111111112222224222242222222222222222222222222222222222222222220000
011113322222222222222221111111111111111111112222111111111111111111111111111111112222224222242222222222222222222222222222222222222222000000
111113333333333322222221111111111111111111112222111111111111111111111111111111112222224222242222222222222222222222222222222222210000000000
011113333333333322222221111111111111111111112222111111111111111111111111111111112222224222242222222222222222222222222222221100110000000000
001113333333333322222221111111111111111111112222111111111111111111111111111111112222222444422222222222222222222222222000000110110000000000
000003333333333322222222111111111111111111122222211111111111111111111111111111122222222222222222222222222222222200000000000011110000000000
000003333333333322222222222222222222222222222222222222222222222222222222222222222222222222222222222222222220000000000000000001110000000000
000003333333333322222222222222222222222222222222222222222222222222222222222222222222222222222222222222000000000000000000000000111100000000
000003333333333322222222222222222222222222222222222222222222222222222222222222222222222222222222200000000000000000000000000000011110000000
000003333333333322222222222222222222222222222222222222222222222222222222222222222222222222220000000000000000000000000000000000111111000000
000000333333333322222222222222222222222222222222222222222222222222222222222222222222222000000000000000000000000000000000000000111111000000
000000033333333322222222222222222222222222222222222222222222222222222222222222222200000000000000000000000000000000000000000000011110000000
000000000003333300022222222222222222222222222222222222222222222222222222222220000000000000000000000000000000000000000000000000001100000000
000000000000000000000000000022222222222222222222222220000200002000000000000000000000000000000000000000000000000000000000000000000000000000
000000000000000000000000000022222222222222220000000000000022220000000000000000000000000000000000000000000000000000000000000000000000000000
000000000000000000000000000022222222222222200000000000000000000000000000000000000000000000000000000000000000000000000000000000000000000000
000000000000000000000000000111112222222222000000000000000000000000000000000000000000000000000000000000000000000000000000000000000000000000
000000000000000000000000011111111122111220000000000000000000000000000000000000000000000000000000000000000000000000000000000000000000000000
000000000000000000000000111111111111111100000000000000000000000000000000000000000000000000000000000000000000000000000000000000000000000000
000000000000000000000000111111111111111100000000000000000000000000000000000000000000000000000000000000000000000000000000000000000000000000
000000000000000000000001111111111111111110000000000000000000000000000000000000000000000000000000000000000000000000000000000000000000000000
000000000000000000000001111111111111111110000000000000000000000000000000000000000000000000000000000000000000000000000000000000000000000000
000000000000000000000001111111111111111110000000000000000000000000000000000000000000000000000000000000000000000000000000000000000000000000
000000000000000000000001111111111111111110000000000000000000000000000000000000000000000000000000000000000000000000000000000000000000000000
000000000000000000000001111111111111111110000000000000000000000000000000000000000000000000000000000000000000000000000000000000000000000000
000000000000000000000000111111111111111100000000000000000000000000000000000000000000000000000000000000000000000000000000000000000000000000
000000000000000000000000111111111111111100000000000000000000000000000000000000000000000000000000000000000000000000000000000000000000000000
000000000000000000000000011111111111111000000000000000000000000000000000000000000000000000000000000000000000000000000000000000000000000000
000000000000000000000000000111111111100000000000000000000000000000000000000000000000000000000000000000000000000000000000000000000000000000