000000000000000000000000000000000000000000000000000000000000000000000000000000000000000000000000000000000000000000000000000000000000000000
000000000000000000000000000000000000000000000000000000000000000000000000000000000000000000000000000000000000000000000000222200000000000000
000000000000000000000000000000000000000000000000000000000000000000000000000000000000000000000000000000000000000000000222222222000000000000
000000000000000000000000000000000000000000000000000000000000000000000000000000000000000000000000000000000000000000002222222222200000000000
000000000000000000000000000000000000000000000000000000000000000000000000000000000000000000000000000000000000000000022222222222220000000000
000000000000000000000000000000000000000000000000000000000000000000000000000000000000000000000000000000000000000000022222222222222000000000
000000000000000000000000000000000000000000000000000000000000000000000000000000000000000000000000000000000000000000222222222222222000000000
000000000000000000000000000000000000000000000000000000000000000000000000000000000000000000000000000000000000000002222244444444444000000000
000000000000000000000000000000000000000000000000000000000000000000000000000000000000000000000000000000000000000002222433333333333300000000
000000000000000000000000000000000000000000000000000000000000000000000000000000000000000000000000000000000000000022224333333333333300000000
000000000000000000000000000000000000000000000000000000000000000000000000000000000000000000000000000000000000000022224333333333333300000000
000000000000000000000000000000000000000000000000000000000000000000000000000000000000000000000000000000000000000222224333333333333300000000
000000000000000000000000000000000000000000000000000000000000000000000000000000000000000000000000000000000000000222222433333333333300000000
000000000000000000000000000000000000000000000000000000000000000000000000000000000000000000000000000000000000002222222244444444444440000000
000000000000000000000000000000000033333333333333333333000000000000000000000000000000000000000000000000000000002222222222222222222220000000
000000000000000000000000002200000333333333333333333333333333333333300000000000000000000000000000000000000000022222222222222222222220000000
000000000000000000000000222222223333333333333333333333333333333333333000000001100000000000000000000000000000222224444444444444444440000000
000000000000000000000000022222223333333333333333333333333333333333333300000002200000000000000000000000000002222243333333333333333330000000
000000000000000000000000000000000333333333333333333333333333333333333000000002220000000000000000000000000022222433333333333333333330000000
000000000000000000000000000000000223333333222222333333333333333333322222222222222000000000000000000000000222222433333333333333333330000000
000000000000000000000000000000002222222222222222222222222222222222222222222222222200000000000000022222222222222433333333333333333333000000
000000000000000000000000000000011111111111122222211111111111111111111111111111122222222222222222222222222222222243333333333333333333000000
000000000000000000000000000000111111111111112222111111111111111111111111111111112222222222222222222222222222222224444444444444444444000000
000000000000000000000000000001111111111111112222111111111111111111111111111111112222222222222222222222222222222222222222222222222222000000
000000000000000000000000000011111111111111112222111111111111111111111111111111112222222222222222222222222222222222222222222222222222000000
000000000000000000000000000111111111111111112222111111111111111111111111111111112222222222222222222222222222222222222222222222222222000000
000000000000000000000000001111111111111111112222111111111111111111111111111111112222222222222222222222222222222222222222222222222222000000
000000000000000000000000011111111111111111112222111111111111111111111111111111112222222222222222222222222222222222222222222222222222000000
000000000000000000000000111111111111111111112222111111111111111111111111111111112222222222222222222222222222222222222222222222222222000000
000000000002433300033341111111111111111111112222111111111111111111111111111111112222222222222222222222222222222222222222222222222222210000
000000022224333333333341111111111111111111112222111111111111111111111111111111112222222222222222222222222222222222222222222222222222221100
000000222224333333333341111111111111111111112222111111111111111111111111111111112222222222222222222222222222222222222222222222222222222220
000002222224333333333341111111111111111111112222111111111111111111111111111111112222222222222222222222222222222222222222222222222222222222
000002222222433333333341111111111111111111112222111111111144444111111144444111112222222222222222222222222222222222222222222222222222222222
000002222222244333333331111111111111111111114224111111111444444411111444444411114444444222222222222222222222222222222222222222222222222222
000002222222433333333331111111111111111111113223111111111444444411111444444411113334222222222222222222222222222222222222222222222222222220
000002222224333333333331111111111111111111113223111111111444444411111444444411113342222222222222222222222222222222222222222222222222222200
002222222224333333333331111111111111111111113223111111111444444411111444444411113342222222222222222222222222222222222222222222222222220000
022222222224333333333331111111111111111111113223111111444441444411444441444411113342222222222222222222222222222222222222222222222222000000
222222222222433333333331111111111111111111113322111111111441111111111441111111113334222222222222222222222222222222222222222222210000000000
022222222222244333333331111111111111111111113322111114444444444414444444444411113333444444444444444444442222222222222222221100110000000000
002222222222433333333331111111111111111111113322111111444444444111444444444111113333333333422222222222222222222222222000000110110000000000
000002222224333333333333111111111111111111133322311111111111111111111111111111133333333334222222222222222222222200000000000011110000000000
000002222224333333333333333333333333333333333322333333333333333333333333333333333333333334222222222222222220000000000000000001110000000000
000002222224333333333333333333333333333333333322333333333333333333333333333333333333333334222222222222000000000000000000000000111100000000
000002222222433333333333333333333333333333332222233333333333333333333333333333333333333333422222200000000000000000000000000000011110000000
000002222222244444444444444444444444444444422222224444444444444444444444444444444444444444440000000000000000000000000000000000111111000000
000000222222222222222222222222222222222222222222222222222222222222222222222222222222222000000000000000000000000000000000000000111111000000
000000022222222222222222222222222222222222222222222222222222222222222222222222222200000000000000000000000000000000000000000000011110000000
000000000002222200022222222222222222222222222222222222222222222222222222222220000000000000000000000000000000000000000000000000001100000000
000000000000000000000000000022222222222222222222222220000200002000000000000000000000000000000000000000000000000000000000000000000000000000
000000000000000000000000000022222222222222220000000000000022220000000000000000000000000000000000000000000000000000000000000000000000000000
000000000000000000000000000022222222222222200000000000000000000000000000000000000000000000000000000000000000000000000000000000000000000000
000000000000000000000000000111112222222222000000000000000000000000000000000000000000000000000000000000000000000000000000000000000000000000
000000000000000000000000011111111122111220000000000000000000000000000000000000000000000000000000000000000000000000000000000000000000000000
000000000000000000000000111111111111111100000000000000000000000000000000000000000000000000000000000000000000000000000000000000000000000000
000000000000000000000000111111111111111100000000000000000000000000000000000000000000000000000000000000000000000000000000000000000000000000
000000000000000000000001111111111111111110000000000000000000000000000000000000000000000000000000000000000000000000000000000000000000000000
000000000000000000000001111111111111111110000000000000000000000000000000000000000000000000000000000000000000000000000000000000000000000000
000000000000000000000001111111111111111110000000000000000000000000000000000000000000000000000000000000000000000000000000000000000000000000
000000000000000000000001111111111111111110000000000000000000000000000000000000000000000000000000000000000000000000000000000000000000000000
000000000000000000000001111111111111111110000000000000000000000000000000000000000000000000000000000000000000000000000000000000000000000000
000000000000000000000000111111111111111100000000000000000000000000000000000000000000000000000000000000000000000000000000000000000000000000
000000000000000000000000111111111111111100000000000000000000000000000000000000000000000000000000000000000000000000000000000000000000000000
000000000000000000000000011111111111111000000000000000000000000000000000000000000000000000000000000000000000000000000000000000000000000000
000000000000000000000000000111111111100000000000000000000000000000000000000000000000000000000000000000000000000000000000000000000000000000