000000000000000000000000000000000000000000000000000000000000000000000000000000000000000000000000000000000000000000000000000000000000000000000000000000222222222222200
000000000000000000000000000000000000000000000000000000000000000000000000000000000000000000000000000000000000000000000000000000000000000000000000000002222222222222220
000000000000000000000000000000000000000000000000000000000000000000000000000000000000000000000000000000000000000000000000000000000000000000000000000022222222222222220
000000000000000000000000000000000000000000000000000000000000000000000000000000000000000000000000000000000000000000000000000000000000000000000000000222222222222222220
000000000000000000000000000000000000000000000000000000000000000000000000000000000000000000000000000000000000000000000000000000000000000000000000002222222222222222220
000000000000000000000000000000000000000000000000000000000000000000000000000000000000000000000000000000000000000000000000000000000000000000000000022222222222222222200
000000000000000000000000000000000000000000000000000000000000000000000000000000000000000000000000000000000000000000000000000000000000000000000000222222222222222222200
000000000000000000000000000000000000000000000000000000000000000000000000000000000000000000000000000000000000000000000000000000000000000000000002222222222222222222200
000000000000000000000000000000000000000000000000000000000000000000000000000000000000000000000000000000000000000000000000000000000000000000000022222222222222222222200
000000000000000000000000000000000000000000000000000000000000000000000000000000000000000000000000000000000000000000000000000000000000000000000222222222222222222222000
000000000000000000000000000000000000000000000000000000000000000000000000000000000000000000000000000000000000000000000000000000000000000000002222222222233222222222000
000000000000000000000000000000000000000000000000000000000000000000000000000000000000000000000000000000000000000000000000000000000000000000022222222222233222222222000
000000000000000000000000000000000000000000000000000000000000000000000000000000000000000000000000000000000000000000000000000000000000000000222222233333322222222222000
000000000000000000000000000000000000000000000000000000000000000000000000000000000000000000000000000000000000000000000000000000000000000002222222333333332222222220000
000000000000000000000000000000000000000000000000000000000000000000000000000000000000000000000000000000000000000000000000000000000000000022222222332332332222222220000
000000000000000000000000000000000000000000000000000000000000000000000000000000000000000000000000000000000000000000000000000000000000000222222222332332332222222220000
000000000000000000000000000000000000000000000000000000000000000000000000000000000000000000000000000000000000000000000000000000000000002222222222332332332222222220000
000000000000000000000000000000000000000000000000000000000000000000000000000000000000000000000000000000000000000000000000000000000000022222222222332332332222222200000
000000000000000000000000000000000000000000000000000000000000000000000000000000000000000000000000000000000000000000000000000000000000222222222222222222222222222200000
000000000000000000000000000000000000000000000000000000000000000000000000000000000000000000000000000000000000000000000000000000000002222222222222222222222222222200000
000000000000000000000000000000000000000000000000000000000000000000000000000000000000000000000000000200000000000000000200000000000222222222222223232323332222222200000
000000000000000000000000000000000000000000000000000000000000000000000000000000000000000000000000002200000000000000002200000000022222222222222222322323232222222000000
000000000000000000000000000000000000000000000000000000000000000000000000000000000000000000000000022000000000000000022000000002222222222222222223232323332222222000000
000000000000000000000000000000000000000000000002200000000000000000000000000000000000000000000000220000000000000000220000000222222222222222222222222222222222222000000
000000000000000000000000000000000000000000000022200000000000000000000000000000000000000000000002220000000000000002220000022222222222222222222222222222222222222000000
000000000000000000000000000000000000000000000222220000000000000000000000000000000000000000000022222000000000000022222002222222222222222222222222222222222222220000000
000000000000000000000000000000000000000222222222222222222222222222222222222222222222222222222222222222222222222222222222222222222222222222222222222222222222200000000
000000000000000000000000000000000000222222222222222222222222222222222222222222222222222222222222222222222222222222222222222222222222222222222222222222222222220000000
000000000000000000000000000000000001111111111112222222111111111111111111111111111111111111111111111111111111222222222222222222222222222222222222222222222222222000000
000000000000000000000000000000000011111111111111222221111111111111111111111111111111111111111111111111111111122222222222222222222222222222222222222222222222222200000
000000000000000000000000000000000111111111111111222221111111111111111111111111111111111111111111111111111111122222222222222222222222222222222222222222222222222200000
000000000000000000000000000000001111111111111111222221111111111111111111111111111111111111111111111111111111122222222222222222222222222222222222222222222222222200000
000000000000000000000000000000011111111111111111222221111111111111111111111111111111111111111111111111111111122222222222222222222222222222222222222222222222222200000
000000000000000000000000000000111111111111111111222221111111111111111111111111111111111111111111111111111111122222222222222222222222222222222222222222222222222200000
000000000000000000000000000001111111111111111111222221111111111111111111111111111111111111111111111111111111122222222222222222222222222222222222222222222222222220000
000000000000000000000000000011111111111111111111222221111111111111111111111111111111111111111111111111111111122222222222222222222222222222222222222222222222222222200
000000000000000000000222222111111111111111111111222221111111111111111111111111111111111111111111111111111111122222222222222222222222222222222222222222222222222222220
000000000000000432222222222111111111111111111111222221111111111111111111111111111111111111111111111111111111122222222222222222222222222222222222222222222222222222222
000000000004444322222222222111111111111111111111222221111111111111111111111111111111111111111111111111111111122222222222222222222222222222222222222222220222222222220
000000004444444322222222222111111111111111111111222221111111111111111111111111111111111111111111111111111111122222222222222222222222222222222222222220000000000000000
000000444444444322222222222111111111111111111111222221111111111444441111111444441111111111111111111111111111122222222222222222222222222222222222220000000000000000000
000044444444443222222222222111111111111111111111222221111111114444444111114444444111111111111111111111111111122222222222222222222222222222222220000000000000000000000
000444444444443222222222222111111111111111111111222221111111114444444111114444444111111111111111111111111111122222222222222222222222222222200000000000000000000000000
004444444444443222222222222111111111111111111111222221111111114444444111114444444111111111111111111111111111122222222222222222222222222200000000000000000000000000000
044444444444443222222222222111111111111111111111222221111111114444444111114444444111111111111111111111111111122222222222222222222222200000000000000000000000000000000
044444444444443333222222222111111111111111111111222221111114444414444114444414444111111111111111111111111111122222222222222222222200000000000000000000000000000000000
444444444444444443222222222111111111111111111111222221111111114411111111114411111111111111111111111111111111122222222222222222200000000000000000000000000000000000000
444444444444444443222222222111111111111111111111222221111144444444444144444444444111111111111111111111111111122222222222222200000000000000000000000000000000000000000
444444444444444443222222222111111111111111111111222221111114444444441114444444441111111111111111111111111111122222222222200000000000000000000000000000000000000000000
044444444444444443222222222211111111111111111112222222111111111111111111111111111111111111111111111111111111222222222200000000000000000000000000000000000000000000000
044444444444444444322222222222222222222222222222222222222222222222222222222222222222222222222222222222222222222222200000000000000000000000000000000000000000000000000
004444444444444444322222222222222222222222222222222222222222222222222222222222222222222222222222222222222222222200000000000000000000000000000000000000000000000000000
000004444444444444322222222222222222222222222222222222222222222222222222222222222222222222222222222222222222200000000000000000000000000000000000000000000000000000000
000000044444444444432222222222222222222222222222222222222222222222222222222222222222222222222222222222222200000000000000000000000000000000000000000000000000000000000
000000000000000444432222222222222222222222222222222222222222222222222222222222222222222222222222222222200000000000000000000000000000000000000000000000000000000000000
000000000000000000000000000000000222222222222222222222222222222222222222222222222222222222222222222200000000000000000000000000000000000000000000000000000000000000000
000000000000000000000000000000002222222222222222222222222222222222222222222222222222000000000000000000000000000000000000000000000000000000000000000000000000000000000
000000000000000000000000000000002222222222222222222222222222222222222222222222222222220000000000000000000000000000000000000000000000000000000000000000000000000000000
000000000000000000000000000000002222222222222222222222222222222222222222222222222222222000000000000000000000000000000000000000000000000000000000000000000000000000000
000000000000000000000000000000000222222222222222222222222222222222222222222222222222222220000000000000000000000000000000000000000000000000000000000000000000000000000
000000000000000000000000000000000000222222222222222222222222222222222222222222222222222222200000000000000000000000000000000000000000000000000000000000000000000000000
000000000000000000000000000000000000022222222222222222222222222222222222222222222222222222220000000000000000000000000000000000000000000000000000000000000000000000000
000000000000000000000000000000000000002222222222222222222222222222022222222222222222222222222200000000000000000000000000000000000000000000000000000000000000000000000
000000000000000000000000000000000000000222222222222222222222222200000022222222222222222222222220000000000000000000000000000000000000000000000000000000000000000000000
000000000000000000000000000000000000000002222222222222222220000000000000222222222222222222222200000000000000000000000000000000000000000000000000000000000000000000000
000000000000000000000000000000000000000000000000000000000000000000000000002222222222222222220000000000000000000000000000000000000000000000000000000000000000000000000